2455836.7401371
2455836.7401665
2455836.7401955
2455836.7402248
2455836.7402543
2455836.7402842
2455836.7403136
2455836.7403352
2455836.7403603
2455836.7403903
2455836.7404197
2455836.7404501
2455836.7404805
2455836.7405099
2455836.7405414
2455836.7405731
2455836.7406028
2455836.7406331
2455836.7406663
2455836.7406959
2455856.1038191
2455856.1038634
2455856.1039075
2455856.1039501
2455856.1039932
2455856.1040371
2455856.1040791
2455856.1041221
2455856.1041647
2455856.1042068
2455856.1042495
2455856.1051582
2455856.1052018
2455856.1052455
2455856.1053141
2455856.1053599
2455856.1054030
2455856.1054450
2455856.1054876
2455856.1055302
2455856.1055726
2455856.1056149
2455856.1065428
2455856.1065848
2455856.1066271
2455856.1066693
2455856.1067114
2455856.1067534
2455856.1067960
2455856.1068387
2455856.1068814
2455856.1069235
2455856.1069663
2455856.1078938
2455856.1079367
2455856.1079792
2455856.1080219
2455856.1080646
2455856.1081070
2455856.1081498
2455856.1081927
2455856.1082351
2455856.1082778
2455856.1083220
2455856.1092239
2455856.1092658
2455856.1093078
2455856.1093507
2455856.1093938
2455856.1094377
2455856.1094806
2455856.1095234
2455856.1095655
2455856.1096081
2455856.1096507
2455856.1105644
2455856.1106068
2455856.1106495
2455856.1106916
2455856.1107338
2455856.1107764
2455856.1108195
2455856.1108617
2455856.1109037
2455856.1109468
2455856.1109888
2455856.1118944
2455856.1119374
2455856.1119806
2455856.1120667
2455856.1121100
2455856.1121531
2455856.1121961
2455856.1122390
2455856.1122990
2455856.1123428
2455856.1132678
2455856.1133099
2455856.1133523
2455856.1133962
2455856.1134383
2455856.1134816
2455856.1135239
2455856.1135660
2455856.1136092
2455856.1136516
2455856.1136942
2455856.1146225
2455856.1146646
2455856.1147084
2455856.1147507
2455856.1147928
2455856.1148361
2455856.1148789
2455856.1149216
2455856.1149642
2455856.1150072
2455856.1150505
2455856.1159527
2455856.1159954
2455856.1160369
2455856.1160789
2455856.1161215
2455856.1161640
2455856.1162063
2455856.1162495
2455856.1162916
2455856.1163348
2455856.1163775
2455856.1172955
2455856.1173392
2455856.1173820
2455856.1174242
2455856.1174664
2455856.1175093
2455856.1175515
2455856.1175948
2455856.1176383
2455856.1236309
2455856.1262927
2455856.1263389
2455856.1263814
2455856.1264242
2455856.1264681
2455856.1265102
2455856.1265525
2455856.1265955
2455856.1266374
2455856.1266796
2455856.1267223
2455856.1316239
2455856.1316687
2455856.1317128
2455856.1317579
2455856.1318030
2455856.1318504
2455856.1318970
2455856.1319434
2455856.1319889
2455856.1320360
2455856.1320830
2455856.1330367
2455856.1330815
2455856.1331277
2455856.1331738
2455856.1332196
2455856.1332657
2455856.1333120
2455856.1333584
2455856.1334039
2455856.1334498
2455856.1334960
2455856.1344694
2455856.1345121
2455856.1345963
2455856.1346394
2455856.1346816
2455856.1347243
2455856.1347670
2455856.1348097
2455856.1348524
2455856.1348950
2455856.1358677
2455856.1359538
2455856.1359968
2455856.1360394
2455856.1360828
2455856.1361262
2455856.1361691
2455856.1362557
2455856.1362990
2455856.1372700
2455856.1373129
2455856.1373551
2455856.1373973
2455856.1374399
2455856.1374822
2455856.1375252
2455856.1375677
2455856.1376098
2455856.1376525
2455856.1376960
2455856.1386535
2455856.1386957
2455856.1387385
2455856.1387805
2455856.1388244
2455856.1388665
2455856.1389098
2455856.1389519
2455856.1389948
2455856.1390375
2455856.1390796
2455856.1400259
2455856.1400695
2455856.1401127
2455856.1401630
2455856.1402068
2455856.1402498
2455856.1402932
2455856.1403393
2455856.1403870
2455856.1404290
2455856.1404727
2455856.1414367
2455856.1414795
2455856.1415638
2455856.1416070
2455856.1417003
2455856.1417430
2455856.1417853
2455856.1418279
2455856.1418699
2455856.1428328
2455856.1428757
2455856.1429190
2455856.1430058
2455856.1430502
2455856.1430948
2455856.1431616
2455856.1432134
2455856.1432610
2455856.1433046
2455856.1442891
2455856.1443312
2455856.1444161
2455856.1444583
2455856.1445009
2455856.1445437
2455856.1445859
2455856.1446286
2455856.1446708
2455856.1456241
2455856.1456661
2455856.1457517
2455856.1457938
2455856.1458359
2455856.1458792
2455856.1459213
2455856.1459635
2455856.1460061
2455856.1460490
2455857.0817247
2455857.0817865
2455857.0818607
2455857.0819328
2455857.0819682
2455857.0820029
2455857.0820799
2455857.0830869
2455857.0831743
2455857.0833469
2455857.0833900
2455857.0834323
2455857.0844159
2455857.0844584
2455857.0845009
2455857.0845436
2455857.0846697
2455857.0847120
2455857.0847551
2455857.0848411
2455857.0857942
2455857.0858380
2455857.0858826
2455857.0859269
2455857.0859705
2455857.0860130
2455857.0860560
2455857.0860991
2455857.0861855
2455857.0862277
2455857.0871752
2455857.0872217
2455857.0872658
2455857.0873092
2455857.0873521
2455857.0873949
2455857.0874376
2455857.0874794
2455857.0875224
2455857.0875656
2455857.0876091
2455857.0885739
2455857.0886175
2455857.0886616
2455857.0887046
2455857.0887480
2455857.0887911
2455857.0888335
2455857.0888767
2455857.0889190
2455857.0889611
2455857.0890043
2455857.0899702
2455857.0900129
2455857.0900560
2455857.0901412
2455857.0901855
2455857.0902308
2455857.0902736
2455857.0903582
2455857.0904017
2455857.0913448
2455857.0913891
2455857.0914337
2455857.0914797
2455857.0915226
2455857.0915651
2455857.0916074
2455857.0916501
2455857.0916924
2455857.0917346
2455857.0917772
2455857.0927281
2455857.0927711
2455857.0928138
2455857.0928564
2455857.0928996
2455857.0929422
2455857.0929850
2455857.0930277
2455857.0930725
2455857.0931164
2455857.0931598
2455857.0941008
2455857.0941437
2455857.0942309
2455857.0942732
2455857.0943156
2455857.0943582
2455857.0944006
2455857.0944437
2455857.0944861
2455857.0945286
2455857.0990017
2455857.0990450
2455857.0990888
2455857.0991334
2455857.0991764
2455857.0992194
2455857.0992617
2455857.0993047
2455857.0993499
2455857.0993919
2455857.0994347
2455857.1004235
2455857.1004673
2455857.1005106
2455857.1005542
2455857.1005982
2455857.1006862
2455857.1007752
2455857.1017846
2455857.1018287
2455857.1018755
2455857.1019194
2455857.1019613
2455857.1020036
2455857.1020468
2455857.1020905
2455857.1021330
2455857.1021760
2455857.1022216
2455857.1031883
2455857.1032324
2455857.1032781
2455857.1033240
2455857.1033703
2455857.1034192
2455857.1034628
2455857.1035058
2455857.1035481
2455857.1035904
2455857.1036326
2455857.1045737
2455857.1046168
2455857.1046601
2455857.1047042
2455857.1047474
2455857.1047902
2455857.1048328
2455857.1048755
2455857.1049184
2455857.1049607
2455857.1050031
2455857.1097122
2455857.1098401
2455857.1107944
2455857.1109703
2455857.1110550
2455857.1111406
2455857.1121141
2455857.1121583
2455857.1122044
2455857.1122492
2455857.1122939
2455857.1123368
2455857.1123791
2455857.1124220
2455857.1124650
2455857.1125072
2455857.1125513
2455857.1134762
2455857.1135184
2455857.1135634
2455857.1136059
2455857.1136488
2455857.1136918
2455857.1137345
2455857.1137770
2455857.1138202
2455857.1138636
2455857.1139073
2455857.1148099
2455857.1148976
2455857.1149405
2455857.1149834
2455857.1150257
2455857.1150686
2455857.1151109
2455857.1151550
2455857.1151972
2455857.1152410
2455857.1176992
2455857.1178706
2455857.1188417
2455857.1188838
2455857.1189262
2455857.1189692
2455857.1190117
2455857.1190543
2455857.1190967
2455857.1191389
2455857.1191811
2455857.1192233
2455857.1192657
2455857.1201928
2455857.1202368
2455857.1202790
2455857.1203214
2455857.1203645
2455857.1204074
2455857.1204517
2455857.1204961
2455857.1205392
2455857.1205822
2455857.1206253
2455857.1215267
2455857.1215690
2455857.1216114
2455857.1216541
2455857.1216962
2455857.1217385
2455857.1217814
2455857.1218237
2455857.1218660
2455857.1219092
2455857.1219518
2455857.1241985
2455857.1255585
2455857.1256008
2455857.1256430
2455857.1256852
2455857.1257274
2455857.1257703
2455857.1258126
2455857.1258556
2455857.1258980
2455857.1259404
2455857.1259833
2455857.1269098
2455857.1269521
2455857.1269944
2455857.1270373
2455857.1270818
2455857.1271245
2455857.1271667
2455857.1272096
2455857.1272518
2455857.1272941
2455857.1273369
2455857.1282364
2455857.1282787
2455857.1283212
2455857.1283634
2455857.1284057
2455857.1284486
2455857.1284909
2455857.1285356
2455857.1285788
2455857.1286210
2455857.1286638
2455857.1295766
2455857.1296193
2455857.1296623
2455857.1297045
2455857.1297476
2455857.1297905
2455857.1298327
2455857.1298750
2455857.1299180
2455857.1299602
2455857.1300026
2455857.1309064
2455857.1309498
2455857.1322676
2455857.1323102
2455857.1323526
2455857.1323955
2455857.1324379
2455857.1324821
2455857.1325679
2455857.1326096
2455857.1326520
2455857.1326947
2455857.1336223
2455857.1336646
2455857.1337061
2455857.1337492
2455857.1337921
2455857.1338360
2455857.1338783
2455857.1339254
2455857.1339702
2455857.1340143
2455857.1340566
2455857.1349590
2455857.1350024
2455857.1350459
2455857.1350885
2455857.1351324
2455857.1351748
2455857.1352180
2455857.1352603
2455857.1353033
2455857.1353467
2455857.1353889
2455857.1390997
2455857.1391420
2455857.1391846
2455857.1392695
2455857.1393120
2455857.1393974
2455857.1394398
2455857.1394820
2455857.1395250
2455857.1404507
2455857.1404931
2455857.1405358
2455857.1405795
2455857.1406231
2455857.1406661
2455857.1407084
2455857.1407513
2455857.1407937
2455857.1408355
2455857.1408786
2455857.1417803
2455857.1418272
2455857.1418710
2455857.1419208
2455857.1419646
2455857.1420076
2455857.1420499
2455857.1420925
2455857.1421351
2455857.1421775
2455857.1422215
2455857.1458386
2455857.1458812
2455857.1459240
2455857.1459671
2455857.1460104
2455857.1460532
2455857.1460954
2455857.1461395
2455857.1461819
2455857.1462248
2455857.1462679
2455857.1471944
2455857.1472369
2455857.1472801
2455857.1473217
2455857.1473640
2455857.1474070
2455857.1474494
2455857.1474937
2455857.1475360
2455857.1475789
2455857.1476212
2455857.1485223
2455857.1485652
2455857.1486081
2455857.1486524
2455857.1486962
2455857.1487403
2455857.1487844
2455857.1488285
2455857.1488727
2455857.1489179
2455857.1489603
2455857.1525712
2455857.1526142
2455857.1526576
2455857.1526999
2455857.1527425
2455857.1527847
2455857.1528270
2455857.1528754
2455857.1529186
2455857.1529618
2455857.1530041
2455857.1539299
2455857.1539723
2455857.1540605
2455857.1541027
2455857.1541455
2455857.1541884
2455857.1542310
2455857.1542734
2455857.1543164
2455857.1543586
2455857.1552608
2455857.1553038
2455857.1553469
2455857.1553897
2455857.1554326
2455857.1554756
2455857.1555193
2455857.1555628
2455857.1556062
2455857.1556506
2455857.1556939
2455857.1580462
2455857.1614213
2455857.1614637
2455857.1615066
2455857.1615508
2455857.1616394
2455857.1616826
2455857.1617249
2455857.1617690
2455857.1618113
2455857.1618548
2455857.1627555
2455857.1627995
2455857.1628435
2455857.1628872
2455857.1629312
2455857.1629751
2455857.1630190
2455857.1630605
2455857.1631029
2455857.1631454
2455857.1631885
2455857.1668224
2455857.1668649
2455857.1669079
2455857.1669510
2455857.1669941
2455857.1670372
2455857.1671236
2455857.1671659
2455857.1672511
2455857.1681779
2455857.1682199
2455857.1682628
2455857.1683130
2455857.1683593
2455857.1684040
2455857.1684493
2455857.1684954
2455857.1685412
2455857.1685840
2455857.1686263
2455857.1695321
2455857.1696069
2455857.1696522
2455857.1696970
2455857.1697422
2455857.1697885
2455857.1698341
2455857.1698767
2455857.1699201
2455857.1699632
2455857.1700055
2455857.1736220
2455857.1736654
2455857.1737105
2455857.1737529
2455857.1737964
2455857.1738409
2455857.1738849
2455857.1739289
2455857.1739715
2455857.1740144
2455857.1740573
2455857.1749844
2455858.0931277
2455858.0931687
2455858.0932113
2455858.0932521
2455858.0932928
2455858.0933337
2455858.0933744
2455858.0934179
2455858.0934587
2455858.0935000
2455858.0935418
2455858.0944372
2455858.0945213
2455858.0945662
2455858.0946080
2455858.0946485
2455858.0946886
2455858.0947321
2455858.0947724
2455858.0948549
2455858.0957988
2455858.0958403
2455858.0958787
2455858.0959186
2455858.0959601
2455858.0960031
2455858.0960431
2455858.0961274
2455858.0961683
2455858.0970653
2455858.0971066
2455858.0971464
2455858.0971914
2455858.0972376
2455858.0972833
2455858.0973243
2455858.0973662
2455858.0974080
2455858.0974487
2455858.0974889
2455858.0984033
2455858.0984444
2455858.0984881
2455858.0985313
2455858.0985713
2455858.0986120
2455858.0986513
2455858.0986915
2455858.0987321
2455858.0987726
2455858.0988128
2455858.0997323
2455858.0997730
2455858.0998138
2455858.0998541
2455858.0998945
2455858.0999359
2455858.0999758
2455858.1000167
2455858.1000577
2455858.1000980
2455858.1001387
2455858.1010291
2455858.1010701
2455858.1011105
2455858.1011523
2455858.1011992
2455858.1012415
2455858.1012825
2455858.1013231
2455858.1013627
2455858.1014039
2455858.1014453
2455858.1023517
2455858.1023927
2455858.1024342
2455858.1024742
2455858.1025145
2455858.1025543
2455858.1025960
2455858.1026368
2455858.1026772
2455858.1027179
2455858.1027594
2455858.1036545
2455858.1036955
2455858.1037372
2455858.1037782
2455858.1038193
2455858.1038598
2455858.1038991
2455858.1039413
2455858.1039822
2455858.1040233
2455858.1040631
2455858.1049811
2455858.1050226
2455858.1050636
2455858.1051035
2455858.1051440
2455858.1051851
2455858.1052269
2455858.1052681
2455858.1053089
2455858.1053488
2455858.1053928
2455858.1063071
2455858.1063493
2455858.1063898
2455858.1064294
2455858.1064711
2455858.1065113
2455858.1065520
2455858.1065921
2455858.1066324
2455858.1066743
2455858.1067159
2455858.1076122
2455858.1076543
2455858.1076978
2455858.1077382
2455858.1077791
2455858.1078208
2455858.1078640
2455858.1079064
2455858.1079480
2455858.1079910
2455858.1080332
2455858.1089394
2455858.1089820
2455858.1090244
2455858.1090677
2455858.1091101
2455858.1091516
2455858.1091930
2455858.1092358
2455858.1092777
2455858.1093186
2455858.1093616
2455858.1102665
2455858.1103075
2455858.1103491
2455858.1103905
2455858.1104336
2455858.1104753
2455858.1105172
2455858.1105590
2455858.1106007
2455858.1106419
2455858.1106835
2455858.1116067
2455858.1116483
2455858.1116899
2455858.1117317
2455858.1117756
2455858.1118218
2455858.1118632
2455858.1119050
2455858.1119474
2455858.1119889
2455858.1120312
2455858.1129486
2455858.1129911
2455858.1130337
2455858.1130754
2455858.1131232
2455858.1131659
2455858.1132073
2455858.1132460
2455858.1132870
2455858.1133281
2455858.1133699
2455858.1142597
2455858.1142995
2455858.1143394
2455858.1143810
2455858.1144223
2455858.1144632
2455858.1145052
2455858.1145484
2455858.1145917
2455858.1146347
2455858.1146759
2455858.1266834
2455858.1267246
2455858.1267658
2455858.1268060
2455858.1268469
2455858.1268870
2455858.1269276
2455858.1269680
2455858.1270088
2455858.1270500
2455858.1270930
2455858.1280603
2455858.1281015
2455858.1281424
2455858.1281857
2455858.1282265
2455858.1282678
2455858.1283098
2455858.1283521
2455858.1283941
2455858.1284358
2455858.1284783
2455858.1294124
2455858.1294555
2455858.1294977
2455858.1295401
2455858.1295821
2455858.1296244
2455858.1296661
2455858.1297074
2455858.1297512
2455858.1297931
2455858.1298352
2455858.1307882
2455858.1308734
2455858.1309148
2455858.1309583
2455858.1310846
2455858.1311707
2455858.1312124
2455858.1321466
2455858.1321883
2455858.1322291
2455858.1322694
2455858.1323097
2455858.1323902
2455858.1324739
2455858.1325570
2455858.1335092
2455858.1335503
2455858.1335924
2455858.1336337
2455858.1336769
2455858.1337223
2455858.1337628
2455858.1338036
2455858.1338463
2455858.1338877
2455858.1339296
2455858.1348913
2455858.1349314
2455858.1349719
2455858.1350133
2455858.1350533
2455858.1350939
2455858.1351341
2455858.1351747
2455858.1352154
2455858.1352558
2455858.1352960
2455858.1362234
2455858.1362645
2455858.1363044
2455858.1363470
2455858.1363883
2455858.1364287
2455858.1364692
2455858.1365094
2455858.1365493
2455858.1366313
2455858.1389577
2455858.1390413
2455858.1391217
2455858.1392879
2455858.1402877
2455858.1403302
2455858.1403714
2455858.1404118
2455858.1404527
2455858.1404941
2455858.1405373
2455858.1405795
2455858.1406214
2455858.1406629
2455858.1407038
2455858.1416630
2455858.1417040
2455858.1417469
2455858.1417883
2455858.1418301
2455858.1418705
2455858.1419106
2455858.1419512
2455858.1419911
2455858.1420326
2455858.1420747
2455858.1430018
2455858.1430439
2455858.1430855
2455858.1431248
2455858.1431661
2455858.1432057
2455858.1432463
2455858.1432874
2455858.1433274
2455858.1433676
2455858.1434084
2455858.1456918
2455858.1457747
2455858.1458560
2455858.1458967
2455858.1461051
2455858.1470644
2455858.1471061
2455858.1471487
2455858.1471909
2455858.1472315
2455858.1472749
2455858.1473159
2455858.1473572
2455858.1473975
2455858.1474382
2455858.1474802
2455858.1484377
2455858.1484780
2455858.1485185
2455858.1485593
2455858.1486001
2455858.1486402
2455858.1486805
2455858.1487222
2455858.1487633
2455858.1488043
2455858.1488441
2455858.1497749
2455858.1498146
2455858.1498556
2455858.1498953
2455858.1499359
2455858.1499768
2455858.1500178
2455858.1500587
2455858.1500989
2455858.1501407
2455858.1501812
2455858.1524694
2455858.1525123
2455858.1525536
2455858.1525955
2455858.1527216
2455858.1527633
2455858.1528062
2455858.1528967
2455858.1538537
2455858.1538951
2455858.1539358
2455858.1539771
2455858.1540175
2455858.1540579
2455858.1540974
2455858.1541380
2455858.1541785
2455858.1542186
2455858.1542592
2455858.1552173
2455858.1552593
2455858.1553018
2455858.1553433
2455858.1553848
2455858.1554256
2455858.1554673
2455858.1555057
2455858.1555478
2455858.1555912
2455858.1556328
2455858.1565641
2455858.1566046
2455858.1566444
2455858.1566848
2455858.1567247
2455858.1567657
2455858.1568063
2455858.1568470
2455858.1568879
2455858.1569287
2455858.1569706
2455858.1593374
2455858.1594226
2455858.1595068
2455858.1595499
2455858.1595906
2455858.1596714
2455858.1606234
2455858.1606645
2455858.1607055
2455858.1607465
2455858.1607861
2455858.1608273
2455858.1608676
2455858.1609889
2455858.1610298
2455858.1619854
2455858.1620264
2455858.1621074
2455858.1621474
2455858.1621879
2455858.1622296
2455858.1622704
2455858.1623116
2455858.1623524
2455858.1623939
2455858.1633229
2455858.1633635
2455858.1634068
2455858.1634471
2455858.1634876
2455858.1635291
2455858.1635698
2455858.1636105
2455858.1636508
2455858.1637316
2455858.1660595
2455858.1661804
2455858.1663425
2455858.1664221
2455858.1673783
2455858.1674194
2455858.1674595
2455858.1674994
2455858.1675400
2455858.1675805
2455858.1676202
2455858.1676651
2455858.1677048
2455858.1677449
2455858.1677852
2455858.1687364
2455858.1687776
2455858.1688206
2455858.1688620
2455858.1689034
2455858.1689438
2455858.1689844
2455858.1690245
2455858.1690674
2455858.1691089
2455858.1691496
2455859.1269613
2455859.1270028
2455859.1271282
2455859.1271667
2455859.1272088
2455859.1273357
2455859.1283322
2455859.1283748
2455859.1284159
2455859.1285021
2455859.1285832
2455859.1286236
2455859.1286653
2455859.1287509
2455859.1296823
2455859.1297234
2455859.1298469
2455859.1298891
2455859.1299315
2455859.1299734
2455859.1300570
2455859.1301001
2455859.1310501
2455859.1310931
2455859.1311359
2455859.1311779
2455859.1312210
2455859.1312629
2455859.1313048
2455859.1313477
2455859.1313903
2455859.1314318
2455859.1324107
2455859.1325347
2455859.1326650
2455859.1327078
2455859.1327504
2455859.1328322
2455859.1337889
2455859.1338319
2455859.1340024
2455859.1340447
2455859.1341676
2455859.1342094
2455859.1351700
2455859.1352125
2455859.1352561
2455859.1352998
2455859.1353429
2455859.1354701
2455859.1355525
2455859.1355946
2455859.1365256
2455859.1365703
2455859.1366990
2455864.6885240
2455864.7038148
2455864.7038646
2455864.7039036
2455864.7039541
2455864.7040923
2455864.7041774
2455864.7042221
2455864.7051552
2455864.7051999
2455864.7052451
2455864.7052907
2455864.7053358
2455864.7053818
2455864.7054279
2455864.7054723
2455864.7055169
2455864.7055638
2455864.7056094
2455864.7065251
2455864.7065702
2455864.7066175
2455864.7066656
2455864.7067128
2455864.7067604
2455864.7068049
2455864.7068494
2455864.7068909
2455864.7069355
2455864.7069803
2455864.7106484
2455864.7106972
2455864.7107402
2455864.7107853
2455864.7108303
2455864.7108763
2455864.7109221
2455864.7109683
2455864.7110141
2455864.7110604
2455864.7111067
2455864.7120368
2455864.7120830
2455864.7121285
2455864.7121742
2455864.7122197
2455864.7122647
2455864.7123111
2455864.7123569
2455864.7124037
2455864.7124496
2455864.7124950
2455864.7134009
2455864.7134455
2455864.7134903
2455864.7135354
2455864.7135809
2455864.7136260
2455864.7136742
2455864.7137205
2455864.7137682
2455864.7138127
2455864.7138565
2455864.7180511
2455864.7180968
2455864.7181420
2455864.7181874
2455864.7182323
2455864.7182788
2455864.7183242
2455864.7183698
2455864.7184162
2455864.7184643
2455864.7185104
2455864.7194438
2455864.7194896
2455864.7195350
2455864.7195806
2455864.7196260
2455864.7196711
2455864.7197175
2455864.7197619
2455864.7198072
2455864.7198527
2455864.7198984
2455864.7208149
2455864.7208615
2455864.7209066
2455864.7209563
2455864.7210050
2455864.7210523
2455864.7210990
2455864.7211467
2455864.7211955
2455864.7212430
2455864.7212900
2455864.7268903
2455864.7269378
2455864.7269839
2455864.7270303
2455864.7270760
2455864.7271210
2455864.7271667
2455864.7272120
2455864.7272580
2455864.7273042
2455864.7273499
2455864.7282600
2455864.7283087
2455864.7283535
2455864.7283986
2455864.7284503
2455864.7284979
2455864.7285444
2455864.7285910
2455864.7286386
2455864.7286851
2455864.7287321
2455864.7310715
2455864.7311648
2455864.7313052
2455864.7313964
2455864.7324200
2455864.7324653
2455864.7325121
2455864.7325573
2455864.7326055
2455864.7326522
2455864.7326989
2455864.7327439
2455864.7327892
2455864.7328357
2455864.7328817
2455864.7338184
2455864.7338640
2455864.7339087
2455864.7339543
2455864.7340011
2455864.7340460
2455864.7340900
2455864.7341367
2455864.7341812
2455864.7342262
2455864.7342721
2455864.7351838
2455864.7352289
2455864.7352746
2455864.7353198
2455864.7353659
2455864.7354125
2455864.7354593
2455864.7355047
2455864.7355494
2455864.7355950
2455864.7356399
2455864.7385347
2455864.7386264
2455864.7387188
2455864.7388100
2455864.7398367
2455864.7398832
2455864.7399290
2455864.7399742
2455864.7400185
2455864.7400630
2455864.7401075
2455864.7401541
2455864.7402008
2455864.7402470
2455864.7402918
2455864.7412245
2455864.7412709
2455864.7413179
2455864.7413648
2455864.7414319
2455864.7414770
2455864.7415237
2455864.7415703
2455864.7416170
2455864.7416620
2455864.7417088
2455864.7426213
2455864.7426677
2455864.7427136
2455864.7427616
2455864.7428560
2455864.7429030
2455864.7429492
2455864.7429947
2455864.7430395
2455864.7430856
2455864.7440482
2455864.7440926
2455864.7441373
2455864.7441818
2455864.7442282
2455864.7442753
2455864.7443206
2455864.7443673
2455864.7444121
2455864.7444588
2455864.7453734
2455864.7454250
2455864.7454720
2455864.7455181
2455864.7455641
2455864.7456118
2455864.7456578
2455864.7457035
2455864.7457525
2455864.7458005
2455864.7458459
2455864.7467776
2455864.7468286
2455864.7468760
2455864.7469218
2455864.7469674
2455864.7470139
2455864.7470599
2455864.7471049
2455864.7471501
2455864.7471955
2455864.7472408
2455864.7481736
2455864.7482210
2455864.7482670
2455864.7483132
2455864.7483593
2455864.7484039
2455864.7484954
2455864.7485418
2455864.7485879
2455864.7486342
2455864.7495465
2455864.7495923
2455864.7496385
2455864.7496833
2455864.7497291
2455864.7497829
2455864.7498288
2455864.7498733
2455864.7499187
2455864.7499631
2455864.7500221
2455864.7509422
2455864.7509878
2455864.7510336
2455864.7510821
2455864.7511276
2455864.7511742
2455864.7512198
2455864.7512651
2455864.7513107
2455864.7513567
2455864.7514024
2455864.7523185
2455864.7524475
2455864.7525774
2455864.7527074
2455864.7528373
2455864.7529672
2455864.7530117
2455864.7530568
2455864.7531021
2455864.7532320
2455864.7533619
2455864.7543771
2455864.7544250
2455864.7544709
2455864.7545164
2455864.7545626
2455864.7546070
2455864.7546525
2455864.7546990
2455864.7547436
2455864.7547896
2455864.7548343
2455864.7557696
2455864.7558160
2455864.7558620
2455864.7559071
2455864.7559529
2455864.7559990
2455864.7560458
2455864.7560917
2455864.7561372
2455864.7561842
2455864.7562296
2455864.7571439
2455864.7571906
2455864.7572366
2455864.7572833
2455864.7573293
2455864.7573746
2455864.7574201
2455864.7574659
2455864.7575121
2455864.7575592
2455864.7576056
2455864.7604943
2455864.7605400
2455864.7605880
2455864.7606337
2455864.7607268
2455864.7607734
2455864.7608191
2455864.7608642
2455864.7609127
2455864.7609608
2455864.7619000
2455864.7619454
2455864.7619912
2455864.7620373
2455864.7620830
2455864.7621304
2455864.7621760
2455864.7622226
2455864.7622684
2455864.7623156
2455864.7623611
2455864.7633022
2455864.7633490
2455864.7633945
2455864.7634874
2455864.7635330
2455864.7635801
2455864.7636258
2455864.7636720
2455864.7637181
2455864.7637631
2455864.7646733
2455864.7647639
2455864.7648104
2455864.7648564
2455864.7649009
2455864.7649459
2455864.7649912
2455864.7650373
2455864.7650831
2455864.7651292
2455864.7660508
2455864.7661001
2455864.7661486
2455864.7661975
2455864.7662428
2455864.7662915
2455864.7663397
2455864.7663878
2455864.7664373
2455864.7664887
2455864.7665416
2455864.7692753
2455864.7693247
2455864.7693718
2455864.7694172
2455864.7695092
2455864.7695618
2455864.7696078
2455864.7696596
2455864.7697065
2455864.7697518
2455865.7088553
2455865.7089948
2455865.7157216
2455865.7159991
2455865.7169215
2455865.7169681
2455865.7170143
2455865.7170595
2455865.7171036
2455865.7171485
2455865.7171944
2455865.7172418
2455865.7172884
2455865.7173363
2455865.7173807
2455865.7183116
2455865.7183594
2455865.7184078
2455865.7184547
2455865.7185013
2455865.7185510
2455865.7185959
2455865.7186408
2455865.7186882
2455865.7187355
2455865.7187818
2455865.7196880
2455865.7197321
2455865.7197781
2455865.7198236
2455865.7198689
2455865.7199139
2455865.7199601
2455865.7200072
2455865.7200539
2455865.7201002
2455865.7201457
2455865.7227981
2455865.7238247
2455865.7238710
2455865.7239175
2455865.7239652
2455865.7240112
2455865.7240558
2455865.7241022
2455865.7241485
2455865.7241947
2455865.7242391
2455865.7242837
2455865.7252227
2455865.7252704
2455865.7253159
2455865.7253620
2455865.7254077
2455865.7254538
2455865.7254995
2455865.7255441
2455865.7255921
2455865.7256395
2455865.7256851
2455865.7265921
2455865.7266369
2455865.7266831
2455865.7267292
2455865.7267743
2455865.7268203
2455865.7268679
2455865.7269136
2455865.7269603
2455865.7270072
2455865.7270533
2455865.7279739
2455865.7280188
2455865.7280636
2455865.7281105
2455865.7281554
2455865.7282011
2455865.7282471
2455865.7282930
2455865.7283397
2455865.7283850
2455865.7284315
2455865.7293462
2455865.7293906
2455865.7294358
2455865.7294813
2455865.7295282
2455865.7295742
2455865.7296186
2455865.7296639
2455865.7297115
2455865.7297584
2455865.7298029
2455865.7307370
2455865.7307843
2455865.7308303
2455865.7308775
2455865.7309214
2455865.7309696
2455865.7310155
2455865.7310602
2455865.7311068
2455865.7311536
2455865.7312005
2455865.7321271
2455865.7321736
2455865.7322179
2455865.7322652
2455865.7323110
2455865.7323583
2455865.7324082
2455865.7324531
2455865.7324975
2455865.7325425
2455865.7325874
2455865.7334902
2455865.7335343
2455865.7335801
2455865.7336268
2455865.7336710
2455865.7337149
2455865.7337609
2455865.7338088
2455865.7338524
2455865.7338998
2455865.7339463
2455865.7348616
2455865.7349077
2455865.7349543
2455865.7349992
2455865.7350448
2455865.7350900
2455865.7351382
2455865.7351829
2455865.7352270
2455865.7352745
2455865.7353202
2455865.7362332
2455865.7362795
2455865.7363259
2455865.7363725
2455865.7364127
2455865.7364594
2455865.7365061
2455865.7365525
2455865.7366016
2455865.7366482
2455865.7366941
2455865.7376273
2455865.7376729
2455865.7377203
2455865.7377697
2455865.7378173
2455865.7378655
2455865.7379089
2455865.7379568
2455865.7380026
2455865.7380478
2455865.7380933
2455865.7390388
2455865.7390861
2455865.7391325
2455865.7391822
2455865.7392266
2455865.7392732
2455865.7393191
2455865.7393652
2455865.7394106
2455865.7394556
2455865.7395004
2455865.7404001
2455865.7404470
2455865.7404946
2455865.7405416
2455865.7405903
2455865.7406356
2455865.7406801
2455865.7407257
2455865.7407754
2455865.7408226
2455865.7408681
2455865.7417845
2455865.7418302
2455865.7418787
2455865.7419258
2455865.7419719
2455865.7420178
2455865.7420633
2455865.7421094
2455865.7421552
2455865.7422007
2455865.7422486
2455865.7431635
2455865.7432109
2455865.7432565
2455865.7433033
2455865.7433474
2455865.7433921
2455865.7434403
2455865.7434862
2455865.7435320
2455865.7435787
2455865.7436257
2455865.7445512
2455865.7445986
2455865.7446454
2455865.7446912
2455865.7447321
2455865.7447798
2455865.7448263
2455865.7448721
2455865.7449208
2455865.7449645
2455865.7450106
2455865.7459426
2455865.7459915
2455865.7460395
2455865.7460850
2455865.7461295
2455865.7461748
2455865.7462204
2455865.7462675
2455865.7463121
2455865.7463586
2455865.7464037
2455865.7473139
2455865.7473647
2455865.7474092
2455865.7474557
2455865.7475008
2455865.7475487
2455865.7475945
2455865.7476400
2455865.7476848
2455865.7477291
2455865.7477731
2455865.7486954
2455865.7487400
2455865.7487877
2455865.7488362
2455865.7488764
2455865.7489215
2455865.7489669
2455865.7490178
2455865.7490632
2455865.7491089
2455865.7491555
2455865.7500731
2455865.7501226
2455865.7501705
2455865.7502174
2455865.7502615
2455865.7503077
2455865.7503515
2455865.7503971
2455865.7504433
2455865.7504893
2455865.7505381
2455865.7514671
2455865.7515175
2455865.7515670
2455865.7516152
2455865.7516591
2455865.7517042
2455865.7517504
2455865.7517964
2455865.7518427
2455865.7518889
2455865.7519335
2455865.7528630
2455865.7529021
2455865.7529506
2455865.7529998
2455865.7530457
2455865.7530904
2455865.7531369
2455865.7531813
2455865.7532253
2455865.7532705
2455865.7533164
2455865.7542178
2455865.7542642
2455865.7543107
2455865.7543594
2455865.7544047
2455865.7544508
2455865.7544984
2455865.7545466
2455865.7545929
2455865.7546383
2455865.7546832
2455865.7556062
2455865.7556524
2455865.7557002
2455865.7557460
2455865.7557917
2455865.7558380
2455865.7558860
2455865.7559324
2455865.7559789
2455865.7560243
2455865.7560697
2455865.7569882
2455865.7570349
2455865.7570802
2455865.7571253
2455865.7571731
2455865.7572192
2455865.7572623
2455865.7573101
2455865.7573583
2455865.7597686
2455865.7598151
2455865.7598606
2455865.7599085
2455865.7599539
2455865.7599996
2455865.7600459
2455865.7600977
2455865.7601443
2455865.7601915
2455865.7602372
2455865.7611388
2455865.7611833
2455865.7612303
2455865.7612748
2455865.7613194
2455865.7613632
2455865.7614069
2455865.7614509
2455865.7614953
2455865.7615401
2455865.7615875
2455865.7625012
2455865.7625494
2455865.7625901
2455865.7626359
2455865.7626804
2455865.7627244
2455865.7627729
2455865.7628170
2455865.7628614
2455865.7629066
2455865.7629529
2455865.7638654
2455865.7639119
2455865.7639580
2455865.7640047
2455865.7640499
2455865.7640959
2455865.7641402
2455865.7641874
2455865.7642323
2455865.7642807
2455865.7643281
2455865.7652662
2455865.7653158
2455865.7653552
2455865.7654031
2455865.7654489
2455865.7654972
2455865.7655415
2455865.7655865
2455865.7656362
2455865.7656828
2455865.7657276
2455865.7670095
2455865.7687012
2455865.7687507
2455865.7687981
2455865.7688446
2455865.7688898
2455865.7689364
2455865.7689828
2455865.7690312
2455865.7690760
2455865.7691203
2455865.7691664
2455865.7700781
2455865.7701223
2455865.7701668
2455865.7702117
2455865.7702561
2455865.7703010
2455865.7703467
2455865.7703915
2455865.7704367
2455865.7704817
2455865.7705277
2455865.7714352
2455865.7714795
2455886.0356274
2455886.0359074
2455886.0383903
2455886.0384426
2455886.0385466
2455886.0385915
2455886.0414413
2455886.0516720
2455886.0517228
2455886.0517719
2455886.0519020
2455886.0520319
2455886.0521619
2455886.0522918
2455886.0524217
2455886.0525518
2455886.0615512
2455886.0616013
2455886.0616516
2455886.0617815
2455886.0618292
2455886.0618782
2455886.0620082
2455886.0621383
2455886.0621897
2455886.0623196
2455886.0624496
2455886.0693545
2455886.0695478
2455886.0697871
2455886.0913252
2455886.0914211
2455886.0916133
2455886.0947034
2455886.0947541
2455886.0948059
2455886.0948495
2455886.0949794
2455886.0951096
2455886.0951570
2455886.0952549
2455886.0954328
2455886.0964372
2455886.0964873
2455886.0965341
2455886.0965832
2455886.0966307
2455886.0966734
2455886.0967237
2455886.0968242
2455886.0968741
2455886.0969218
2455905.9473666
2455905.9479298
2455905.9488562
2455905.9490648
2455905.9505152
2455905.9506097
2455905.9613531
2455905.9628983
2455905.9644804
2455905.9645228
2455905.9706897
2455905.9712880
2455905.9722493
2455905.9724186
2455905.9806347
2455905.9811427
2455905.9823121
2455905.9823519
2455905.9839423
2455905.9839817
2455905.9840211
2455905.9845096
2455905.9944115
2455905.9944680
2455905.9955936
2455905.9979246
2455905.9979710
2455905.9981044
2455905.9991046
2455905.9991479
2455906.0003164
2455906.0024673
2455906.0025109
2455906.0025611
2455906.0038081
2455906.0049529
2455906.0060407
2455906.0071354
2455906.0081454
2455906.0093095
2455906.0093501
2455906.0093933
2455906.0104389
2455906.0104812
2455906.0105229
2455906.0105634
2455906.0106048
2455906.0116506
2455906.0126968
2455906.0127370
2455906.0127783
2455906.0128185
2455906.0137663
2455906.0138485
2455906.0138883
2455906.0149237
2455906.0150447
2455906.0160032
2455906.0161396
2455906.0171519
2455906.0171925
2455906.0172349
2455906.0172767
2455906.0173169
2455906.0183636
2455906.0184092
2455906.0184498
2455906.0184982
2455906.0194152
2455906.0194975
2455906.0195792
2455906.0205841
2455906.0206277
2455906.0207177
2455906.0216689
2455906.0228149
2455906.0239862
2455906.0261899
2455906.0277025
2455906.0298332
2455906.0298787
2455906.0299631
2455906.0300033
2455906.0300434
2455906.0310002
2455906.0321536
2455906.0322905
2455906.0331990
2455906.0332896
2455906.0334258
2455906.0343331
2455906.0356008
2455906.0356442
2455906.0356921
2455906.0357317
2455906.0367301
2455906.0367712
2455906.0368117
2455906.0368987
2455906.0378079
2455906.0378951
2455906.0379413
2455906.0391580
2455906.0400792
2455906.0414783
2455906.0428777
2455906.0429642
2455906.0430042
2455906.0430439
2455906.0430839
2455906.0439960
2455906.0440436
2455906.0440890
2455906.0442103
2455906.0451251
2455906.0452463
2455906.0452890
2455906.0453297
2455906.0477176
2455906.0477627
2455906.0478034
2455906.0478863
2455906.0513837
2455906.0514292
2455906.0514692
2455906.0515158
2455906.0515559
2455906.0525022
2455906.0537261
2455906.0537741
2455906.0538142
2455906.0538534
2455906.0538931
2455906.0539333
2455906.0548520
2455906.0549830
2455906.0559777
2455906.0560691
2455906.0561129
2455906.0571037
2455906.0571897
2455906.0572357
2455906.0573232
2455906.0582447
2455906.0582881
2455906.0584166
2455906.0594156
2455906.0595427
2455906.0604973
2455906.0605413
2455906.0606344
2455906.0616316
2455906.0618070
2455906.0618480
2455906.0627569
2455906.0628038
2455906.0628438
2455906.0628850
2455906.0640647
2455906.0641044
2455906.0641444
2455912.0991783
2455912.0997981
2455912.1045253
2455912.1046542
2455912.1055795
2455912.1057117
2455912.1120702
2455912.1121116
2455912.1126671
2455912.1224802
2455912.1245196
2455912.1409480
2455912.1411217
2455912.1418311
2455912.1418732
2455912.1419584
2455912.1420003
2455912.1421397
2455912.1422248
2455912.1484647
2455912.1497360
2455912.1498728
2455912.1499654
2455912.1596578
2455912.1596896
2455912.1597397
2455912.1597849
2455912.1598358
2455912.1598773
2455912.1599181
2455912.1599692
2455912.1600110
2455912.1600685
2455912.1601117
2455912.1604626
2455912.1604934
2455912.1605238
2455912.1605743
2455912.1606179
2455912.1606598
2455912.1607096
2455912.1608036
2455912.1608435
2455912.1608853
2455912.1609264
2455912.1609672
2455912.1612969
2455912.1614488
2455912.1614887
2455912.1615300
2455912.1615815
2455912.1616236
2455912.1616698
2455912.1617529
2455912.1620582
2455912.1718618
2455912.1718906
2455912.1719200
2455912.1720088
2455912.1720914
2455912.1721363
2455912.1721882
2455912.1722320
2455912.1722756
2455912.1728761
2455912.1729183
2455912.1729607
2455912.1730963
2455912.1731374
2455912.1731814
2455912.1735709
2455912.1736003
2455912.1736328
2455912.1736841
2455912.1737249
2455912.1737683
2455912.1739085
2455912.1739532
2455912.1739953
2455912.1740397
2455912.1740835
2455912.1746514
2455912.1746938
2455912.1747349
2455912.1748374
2455912.1748794
2455912.1749739
2455912.1750228
2455912.1753402
2455912.1753731
2455912.1756108
2455912.1756657
2455912.1757103
2455912.1758513
2455912.1763234
2455912.1765892
2455912.1766748
2455912.1767606
2455912.1770682
2455912.1770971
2455912.1771287
2455912.1771701
2455912.1772614
2455912.1773087
2455912.1778181
2455912.1778605
2455912.1824808
2455912.1826106
2455912.1826571
2455912.1827100
2455912.1827522
2455912.1827958
2455912.1828396
2455912.1828839
2455912.1832180
2455912.1832986
2455912.1833417
2455912.1834295
2455912.1834691
2455912.1835206
2455912.1835666
2455912.1836638
2455912.1837076
2455912.1842577
2455912.1843475
2455912.1843940
2455912.1844457
2455912.1844901
2455912.1846247
2455912.1853566
2455912.1863358
2455912.1869539
2455912.1875175
2455912.1875848
2455912.1876272
2455912.1876683
2455912.1877537
2455912.1878935
2455912.1879391
2455912.1885076
2455912.1885521
2455912.1885983
2455912.1886408
2455912.1886807
2455912.1887236
2455912.1887736
2455912.1888159
2455912.1888578
2455912.1888984
2455912.1889413
2455912.1892428
2455912.1892840
2455912.1893262
2455912.1893688
2455912.1894102
2455912.1895083
2455912.1895501
2455912.1895959
2455912.1896407
2455912.1896886
2455912.1901590
2455912.1902037
2455912.1902456
2455912.1902895
2455912.1903402
2455912.1903825
2455912.1904312
2455912.1904735
2455912.1905162
2455912.1905579
2455912.1906025
2455912.1909340
2455912.1909676
2455912.1910078
2455912.1910515
2455912.1910947
2455912.1912321
2455912.1912768
2455912.1914017
2455912.1935093
2455912.1935531
2455912.1935972
2455912.1936817
2455912.1937321
2455912.1937734
2455912.1938133
2455917.1285750
2455917.1286219
2455917.1287102
2455917.1287717
2455917.1288146
2455917.1322770
2455917.1368330
2455917.1369185
2455917.1369630
2455917.1370065
2455917.1370475
2455917.1370929
2455917.1371775
2455917.1372198
2455917.1377472
2455917.1378739
2455917.1380467
2455917.1381306
2455917.1400824
2455917.1401239
2455917.1401658
2455917.1402514
2455917.1402936
2455917.1403362
2455917.1404270
2455917.1409345
2455917.1409755
2455917.1411053
2455917.1411494
2455917.1411909
2455917.1412337
2455917.1413636
2455917.1414935
2455917.1415359
2455917.1415806
2455917.1417105
2455917.1422370
2455917.1422801
2455917.1423718
2455917.1424140
2455917.1424982
2455917.1425396
2455917.1426274
2455917.1431145
2455917.1431642
2455917.1432113
2455917.1432586
2455917.1433072
2455917.1433555
2455917.1433991
2455917.1434467
2455917.1434937
2455917.1435405
2455917.1435868
2455917.1466541
2455917.1467831
2455917.1469129
2455917.1470428
2455917.1471726
2455917.1473025
2455917.1473497
2455917.1474796
2455917.1476094
2455917.1476563
2455917.1477053
2455917.1482852
2455917.1483347
2455917.1483816
2455917.1484304
2455917.1484774
2455917.1485255
2455917.1485741
2455917.1486231
2455917.1486757
2455917.1487239
2455917.1487718
2455917.1493144
2455917.1494443
2455917.1495741
2455917.1496219
2455917.1496703
2455917.1497172
2455917.1497642
2455917.1498123
2455917.1499421
2455917.1499916
2455917.1505604
2455917.1506075
2455917.1506541
2455917.1507509
2455917.1507988
2455917.1508954
2455917.1509441
2455917.1509921
2455917.1510386
2455917.1527966
2455917.1529255
2455917.1529743
2455917.1530207
2455917.1531506
2455917.1531980
2455917.1533279
2455917.1533748
2455917.1535046
2455917.1535515
2455917.1535977
2455917.1589972
2455917.1590453
2455917.1590916
2455917.1591391
2455917.1591873
2455917.1596822
2455917.1597278
2455917.1597715
2455917.1598237
2455917.1598716
2455917.1599187
2455917.1599671
2455917.1600151
2455917.1600639
2455917.1601107
2455917.1606576
2455917.1607515
2455917.1607985
2455917.1608452
2455917.1608926
2455917.1609388
2455917.1609843
2455917.1610357
2455917.1610794
2455917.1611289
2455917.1616101
2455917.1616532
2455917.1616962
2455917.1617386
2455917.1617837
2455917.1618293
2455917.1618718
2455917.1619130
2455917.1619579
2455917.1620403
2455917.1625560
2455917.1626045
2455917.1626515
2455917.1626973
2455917.1627451
2455917.1627919
2455917.1628435
2455917.1628923
2455917.1629404
2455917.1629880
2455917.1635209
2455917.1635678
2455917.1636150
2455917.1637097
2455917.1637566
2455917.1638042
2455917.1638524
2455917.1638986
2455917.1639465
2455917.1645384
2455917.1645852
2455917.1646325
2455917.1646784
2455917.1647259
2455917.1647734
2455917.1648207
2455917.1648673
2455917.1649136
2455917.1654582
2455917.1655050
2455917.1655524
2455917.1656006
2455917.1656497
2455917.1656972
2455917.1657461
2455917.1657939
2455917.1658414
2455917.1658886
2455917.1664179
2455917.1664654
2455917.1665639
2455917.1666103
2455917.1666568
2455917.1667044
2455917.1667510
2455917.1668024
2455917.1668498
2455917.1685977
2455917.1686408
2455917.1687272
2455917.1687716
2455917.1688141
2455917.1688592
2455917.1689063
2455917.1689569
2455917.1690113
2455917.1690532
2455917.1695319
2455917.1695739
2455917.1696167
2455917.1696597
2455917.1697527
2455917.1697961
2455917.1698388
2455917.1698805
2455917.1699222
2455917.1699653
2455917.1704931
2455917.1705359
2455917.1705817
2455917.1706287
2455917.1706706
2455917.1707149
2455917.1707559
2455917.1707968
2455917.1708370
2455917.1708857
2455917.1713522
2455917.1714001
2455917.1714906
2455917.1715340
2455917.1715757
2455917.1716171
2455917.1716580
2455917.1717007
2455917.1717466
2455917.1717894
2455917.1723046
2455917.1723468
2455917.1723931
2455917.1724341
2455917.1724771
2455917.1725188
2455917.1725599
2455917.1726017
2455917.1726435
2455917.1726867
2455917.1732050
2455917.1732523
2455917.1733012
2455917.1733479
2455917.1733948
2455917.1734409
2455917.1734896
2455917.1735366
2455917.1735845
2455917.1736261
2455917.1741231
2455917.1741712
2455917.1742185
2455917.1742657
2455917.1743117
2455917.1743599
2455917.1744074
2455917.1744532
2455917.1745019
2455917.1745500
2455917.1745966
2455917.1750832
2455917.1751273
2455917.1752572
2455917.1753041
2455917.1753530
2455917.1753940
2455917.1755238
2455917.1755648
2455917.1756070
2455917.1756903
2455917.1762422
2455917.1762837
2455917.1763695
2455917.1764148
2455917.1764597
2455917.1765063
2455917.1765513
2455917.1765948
2455917.1766351
2455917.1766778
2455917.1771519
2455917.1771950
2455917.1772373
2455917.1772802
2455917.1773269
2455917.1773704
2455917.1774149
2455917.1774623
2455917.1775044
2455917.1775476
2455917.1775888
2455917.1780581
2455917.1781017
2455917.1781921
2455917.1782380
2455917.1782861
2455917.1783282
2455917.1783700
2455917.1784130
2455917.1785018
2455917.1803304
2455917.1803736
2455917.1804146
2455917.1804576
2455917.1804984
2455917.1805406
2455917.1805818
2455917.1806256
2455917.1806667
2455917.1807098
2455917.1807527
2455917.1812188
2455917.1812621
2455917.1813054
2455917.1813493
2455917.1813938
2455917.1814383
2455917.1814805
2455917.1815230
2455917.1815656
2455917.1816102
2455917.1816568
2455917.1821676
2455917.1822083
2455917.1822510
2455917.1822947
2455917.1823383
2455917.1823803
2455917.1824269
2455917.1824701
2455917.1825130
2455917.1825581
2455917.1830269
2455917.1830834
2455917.1831284
2455917.1831697
2455917.1832109
2455917.1832537
2455917.1832969
2455917.1833400
2455917.1833928
2455917.1834349
2455917.1834767
2455917.1839595
2455917.1840425
2455917.1840861
2455917.1841335
2455917.1842245
2455917.1842649
2455917.1843083
2455917.1843504
2455917.1843950
2455917.1848785
2455917.1849221
2455917.1849673
2455917.1850107
2455917.1850569
2455917.1851041
2455917.1851496
2455917.1851908
2455917.1852439
2455917.1852891
2455917.1853321
2455917.1857998
2455917.1858408
2455917.1858884
2455917.1859346
2455917.1859815
2455917.1860275
2455917.1860698
2455917.1861128
2455917.1861554
2455917.1861974
2455917.1862388
2455917.1867101
2455917.1867569
2455917.1868000
2455917.1868446
2455917.1869305
2455917.1869740
2455917.1870183
2455917.1870648
2455917.1871102
2455917.1871520
2455917.1876237
2455923.7124300
2455923.7124814
2455923.7125374
2455923.7125933
2455923.7126448
2455923.7126959
2455923.7132083
2455923.7132586
2455923.7133096
2455923.7133600
2455923.7134110
2455923.7134619
2455923.7135116
2455923.7135623
2455923.7136135
2455923.7136654
2455923.7137164
2455923.7156910
2455923.7157416
2455923.7157925
2455923.7158432
2455923.7158948
2455923.7159460
2455923.7159979
2455923.7160482
2455923.7161000
2455923.7161518
2455923.7162034
2455923.7166977
2455923.7167495
2455923.7168011
2455923.7168529
2455923.7169040
2455923.7169551
2455923.7170057
2455923.7170558
2455923.7171082
2455923.7171584
2455923.7172116
2455923.7190015
2455923.7190526
2455923.7191035
2455923.7192335
2455923.7192844
2455923.7194145
2455923.7195452
2455923.7196750
2455923.7197262
2455923.7198562
2455923.7199862
2455923.7220491
2455923.7220994
2455923.7221498
2455923.7222020
2455923.7222528
2455923.7223037
2455923.7223555
2455923.7224063
2455923.7224576
2455923.7225086
2455923.7225594
2455923.7230524
2455923.7231040
2455923.7231555
2455923.7232067
2455923.7232562
2455923.7233068
2455923.7233580
2455923.7234100
2455923.7234619
2455923.7235111
2455923.7235615
2455923.7256449
2455923.7256953
2455923.7257969
2455923.7258489
2455923.7259010
2455923.7259511
2455923.7260027
2455923.7260532
2455923.7261045
2455923.7261549
2455923.7266496
2455923.7267005
2455923.7267515
2455923.7268060
2455923.7268558
2455923.7269074
2455923.7269580
2455923.7270093
2455923.7270636
2455923.7271154
2455923.7271668
2455923.7276679
2455923.7277201
2455923.7277699
2455923.7278241
2455923.7278787
2455923.7279320
2455923.7279949
2455923.7280465
2455923.7280993
2455923.7281494
2455923.7282000
2455923.7286880
2455923.7287386
2455923.7288236
2455923.7288755
2455923.7289306
2455923.7289812
2455923.7290311
2455923.7290817
2455923.7291325
2455923.7291833
2455923.7292339
2455923.7297459
2455923.7297959
2455923.7298458
2455923.7298968
2455923.7299532
2455923.7300041
2455923.7300545
2455923.7301062
2455923.7301571
2455923.7302070
2455923.7302586
2455923.7307665
2455923.7308177
2455923.7309479
2455923.7309991
2455923.7310486
2455923.7311785
2455923.7312297
2455923.7312862
2455923.7314165
2455923.7315462
2455923.7315982
2455923.7321212
2455923.7321735
2455923.7322254
2455923.7322765
2455923.7323289
2455923.7323815
2455923.7324322
2455923.7324824
2455923.7325331
2455923.7325838
2455923.7326348
2455923.7331336
2455923.7331849
2455923.7332366
2455923.7332876
2455923.7333383
2455923.7333889
2455923.7334390
2455923.7334880
2455923.7335915
2455923.7336430
2455923.7341322
2455923.7341829
2455923.7343128
2455923.7343650
2455923.7344949
2455923.7345447
2455923.7345963
2455923.7347263
2455923.7347797
2455923.7348393
2455923.7349693
2455923.7354855
2455923.7355370
2455923.7355880
2455923.7356396
2455923.7356911
2455923.7357437
2455923.7357966
2455923.7358483
2455923.7359022
2455923.7359534
2455923.7360055
2455923.7365185
2455923.7365701
2455923.7366202
2455923.7366717
2455923.7367240
2455923.7367751
2455923.7368261
2455923.7368785
2455923.7369298
2455923.7369818
2455923.7370334
2455923.7375270
2455923.7375780
2455923.7376307
2455923.7376820
2455923.7377338
2455923.7377854
2455923.7378371
2455923.7378867
2455923.7379376
2455923.7379887
2455923.7380389
2455923.7385390
2455923.7385902
2455923.7386415
2455923.7386930
2455923.7387446
2455923.7387951
2455923.7388463
2455923.7388967
2455923.7389478
2455923.7389985
2455923.7390497
2455923.7395620
2455923.7396139
2455923.7396657
2455923.7397159
2455923.7397659
2455923.7398160
2455923.7398665
2455923.7399174
2455923.7399685
2455923.7400188
2455923.7400710
2455923.7405838
2455923.7406346
2455923.7406864
2455923.7407368
2455923.7407879
2455923.7408387
2455923.7408891
2455923.7409412
2455923.7409918
2455923.7410422
2455923.7410939
2455923.7416053
2455923.7416587
2455923.7417149
2455923.7417663
2455923.7418212
2455923.7419261
2455923.7419784
2455923.7420293
2455923.7420800
2455923.7421306
2455923.7426489
2455923.7427557
2455923.7428086
2455923.7428609
2455923.7429107
2455923.7429609
2455923.7430124
2455923.7431165
2455923.7431663
2455924.7220685
2455924.7257543
2455924.7258070
2455924.7258612
2455924.7259681
2455924.7260189
2455924.7260714
2455924.7262278
2455924.7262794
2455924.7358897
2455924.7359452
2455924.7359996
2455924.7360549
2455924.7361095
2455924.7361651
2455924.7362277
2455924.7362819
2455924.7363347
2455924.7363883
2455924.7364424
2455924.7382259
2455924.7382847
2455924.7383417
2455924.7383973
2455924.7384520
2455924.7385697
2455924.7387337
2455924.7387882
2455924.7392868
2455924.7393416
2455924.7393944
2455924.7394487
2455924.7395019
2455924.7395576
2455924.7396172
2455924.7396723
2455924.7397266
2455924.7397840
2455924.7398377
2455924.7417194
2455924.7417743
2455924.7418313
2455924.7418849
2455924.7419391
2455924.7419948
2455924.7420481
2455924.7421417
2455924.7421956
2455924.7422492
2455924.7423024
2455924.7428017
2455924.7428559
2455924.7429091
2455924.7429636
2455924.7430183
2455924.7430720
2455924.7431321
2455924.7431871
2455924.7432413
2455924.7432958
2455924.7433491
2455924.7469710
2455924.7470238
2455924.7470761
2455924.7471265
2455924.7471791
2455924.7472308
2455924.7472836
2455924.7473342
2455924.7473848
2455924.7474357
2455924.7568776
2455924.7569363
2455924.7569900
2455924.7570444
2455924.7571005
2455924.7571550
2455924.7572083
2455924.7572617
2455924.7573136
2455924.7573672
2455924.7574224
2455924.7592772
2455924.7593319
2455924.7594332
2455924.7594872
2455924.7595435
2455924.7595997
2455924.7596535
2455924.7597073
2455924.7597620
2455924.7598178
2455924.7598722
2455924.7614694
2455924.7615227
2455924.7615783
2455924.7616330
2455924.7616881
2455924.7617424
2455924.7617959
2455924.7618521
2455924.7619049
2455924.7619577
2455924.7620135
2455924.7625286
2455924.7625941
2455924.7626508
2455924.7627043
2455924.7627601
2455924.7628164
2455924.7628708
2455924.7629260
2455924.7629797
2455924.7630328
2455924.7650471
2455924.7680924
2455924.7681592
2455924.7682249
2455924.7682812
2455924.7683390
2455924.7683958
2455924.7684531
2455924.7685114
2455924.7685691
2455924.7686285
2455924.7686871
2455924.7691993
2455924.7692564
2455924.7693124
2455924.7693683
2455924.7694257
2455924.7694901
2455924.7695554
2455924.7696198
2455924.7696809
2455924.7697416
2455924.7698031
2455924.7703323
2455924.7704013
2455924.7704691
2455924.7705281
2455924.7705880
2455924.7706476
2455924.7707076
2455924.7707674
2455924.7708268
2455924.7708834
2455924.7709437
2455924.7744996
2455924.7745548
2455924.7746082
2455924.7746681
2455924.7747246
2455924.7747811
2455924.7748408
2455924.7748985
2455924.7749582
2455924.7750153
2455924.7755860
2455924.7756432
2455924.7757012
2455924.7757606
2455924.7758192
2455924.7758764
2455924.7759347
2455924.7759925
2455924.7760506
2455924.7761086
2455924.7761667
2455938.1471674
2455938.1513116
2455938.1535072
2455938.1554625
2455938.1576205
2455938.1596172
2455938.1639103
2455938.8431194
2455938.8451638
2455938.8498292
2455938.8620442
2455938.8752675
2455938.8796196
2455938.8818090
2455938.8861326
2455938.8971862
2455938.9015552
2455938.9036854
2455938.9147518
2455938.9192854
2455938.9262485
2455938.9578856
2455938.9777758
2455938.9829685
2455940.0168820
2455940.0236704
2455940.0283459
2455940.0359754
2455940.0410418
2455940.9324971
2455940.9369293
2455940.9397264
2455940.9444806
2455940.9468370
2455940.9518645
2455940.9567542
2455940.9640129
2455940.9684043
2455940.9712212
2455943.0442340
2455943.0485576
2455943.0614709
2455943.0655196
2455943.0675363
2455943.0715117
2455943.0758243
2455943.0778025
2455943.0818403
2455943.0861954
2455943.0922493
2455943.1042725
2455943.1142818
2455944.0148880
2455944.0170272
2455944.0193537
2455944.0232902
2455944.0313915
2455944.0514036
2455944.0616700
2455944.0639691
2455944.0662296
2455944.0761087
2455944.0779384
2455944.0798494
2455944.0821901
2455944.0854582
2455944.0875798
2455945.0462695
2455945.0479531
2455945.0499453
2455945.0519889
2455945.0716098
2455945.0733070
2455945.0984395
2455945.1721207
2455945.1760145
2455988.8106610
2455988.8248906
2455988.8276509
2455988.8302509
2456000.9856467
2456000.9877151
2456000.9897430
2456001.0133873
2456001.0230675
2456001.0250384
2456001.0390851
2456001.0476501
2456001.0496980
2456001.0520035
2456001.0627308
2456001.0648412
2456001.0670995
2456001.0716241
2456001.0844988
2456001.0868870
2456001.0993080
2456001.1013193
2456001.1056387
2456001.1075355
2456001.1094649
2456001.1117867
2456001.1162845
2456001.1185445
2456001.1293395
2456001.1312498
2456001.1352959
2456001.1371914
2456001.1391083
2456001.1410340
2456001.1432158
2456001.1451331
2456001.1470353
2456001.1489517
2456001.1508802
2456001.1527667
2456001.1549260
2456001.1568201
2456001.1587247
2456001.1606488
2456002.0376900
2456002.0396571
2456002.0600470
2456002.0620732
2456002.0681553
2456002.0721041
2456002.0759741
2456002.0778844
2456002.0820108
2456002.0881652
2456002.0989680
2456002.1010434
2456002.1032572
2456002.1052242
2456002.1071681
2456002.1093556
2456002.1113055
2456002.1132702
2456002.1152413
2456002.1173731
2456002.1195370
2456002.1214615
2456002.1255993
2456002.1275224
2456002.1295298
2456002.1314214
2456002.1351635
2456002.1370654
2456002.1389620
2456002.1408679
2456002.1449766
2456002.1472058
2456002.1510228
2456002.1547313
2456002.1566111
2456002.1588516
2456002.1607739
2456002.1648995
2456002.1667822
2456002.1686617
2456002.1708595
2456002.1752187
2456002.1770914
2456002.1789743
2456003.0641210
2456003.0662528
2456003.0718546
2456003.0737589
2456003.0756205
2456003.0774811
2456003.0795906
2456003.0858609
2456003.0877342
2456003.0896069
2456003.0914909
2456003.0933712
2456003.0954781
2456003.0976250
2456003.0997280
2456003.1015911
2456003.1034620
2456003.1053401
2456003.1072066
2456003.1091088
2456003.1273966
2456003.1292615
2456003.1313735
2456003.1332905
2456003.1354071
2456003.1412618
2456003.1431014
2456003.1449861
2456003.1468394
2456003.1486867
2456003.1507612
2456003.1526073
2456003.1544793
2456003.1563445
2456003.1584532
2456003.1602996
2456003.1624188
2456003.1642818
2456003.1661452
2456003.1679955
2456003.1698667
2456003.1717277
2456003.1739240
2456003.1757986
2456004.0924778
2456004.0943988
2456004.0962654
2456004.1189424
2456004.1337935
2456004.1359947
2456004.1454093
2456004.1581682
2456004.1600382
2456004.1639861
2456004.1659134
2456004.1680493
2456004.1743895
2456005.0953807
2456005.0972606
2456005.0991188
2456005.1010059
2456005.1028649
2456005.1047345
2456005.1088015
2456005.1106349
2456005.1124875
2456005.1143614
2456005.1183711
2456005.1204888
2456005.1223542
2456005.1242303
2456005.1260814
2456005.1279316
2456005.1318862
2456005.1340168
2456005.1358776
2456005.1379905
2456005.1398369
2456005.1416952
2456005.1435464
2456005.1454080
2456005.1472549
2456005.1492128
2456005.1510617
2456005.1548366
2456005.1566851
2456005.1586498
2456005.1605031
2456005.1623743
2456006.1166160
2456006.1206874
2456006.1226154
2456006.1247802
2456006.1268912
2456006.1290216
2456006.1311229
2456006.1330497
2456006.1350749
2456006.1370119
2456006.1389231
2456006.1408667
2456006.1428162
2456006.1447284
2456006.1485319
2456006.1505234
2456006.1526417
2456006.1547884
2456006.1569302
2456006.1590487
2456006.1611613
2456006.1652400
2456006.1671430
2456006.1690380
2456007.1422207
2456007.1464380
2456007.1504668
2456007.1548582
2456007.1568466
2456007.1615065
2456007.1640240
2456007.1665128
2456014.7254707
2456014.7317760
2456014.7427559
2456014.7447569
2456014.7466188
2456014.7525300
2456014.7546656
2456014.7588832
2456014.7626583
2456014.7645428
2456014.7666656
2456014.7688433
2456014.7712063
2456014.7730750
2456014.7752174
2456014.7770845
2456014.7794247
2456014.7813408
2456014.7831911
2456014.7850905
2456014.7873171
2456014.7911278
2456014.7969864
2456014.8299973
2456015.7374731
2456015.7533013
2456015.7558321
2456015.7679349
2456015.7699020
2456015.7722493
2456015.7742682
2456015.7774240
2456015.7797073
2456015.7836823
2456015.7885183
2456015.7919092
2456015.7958972
2456015.7984135
2456015.8027195
2456015.8063567
2456015.8086525
2456015.8108611
2456015.8149067
2456015.8196845
2456015.8217897
2456015.8241475
2456015.8262054
2456015.8282801
2456015.8308886
2456015.8331264
2456015.8355053
2456015.8379284
2456015.8402363
2456015.8425295
2456015.8452702
2456015.8473161
2456015.8496372
2456016.7615454
2456016.7637937
2456016.7659460
2456016.7682684
2456016.7705262
2456016.7725777
2456016.7745881
2456016.7766439
2456016.7786435
2456016.7809396
2456016.7832591
2456016.7854706
2456016.7877783
2456016.7896930
2456016.7917506
2456016.7938509
2456016.7959146
2456016.7979437
2456016.7999520
2456016.8022376
2456016.8045717
2456016.8065881
2456016.8085808
2456016.8106226
2456016.8127322
2456016.8147841
2456016.8170562
2456016.8191713
2456016.8214459
2456016.8234515
2456016.8256729
2456016.8276588
2456016.8297165
2456016.8317520
2456016.8337509
2456016.8360407
2456016.8382275
2456016.8402716
2456016.8422136
2456016.8440959
2456016.8460863
2456016.8481501
2456016.8501840
2456016.8521730
2456016.8566625
2456016.8587374
2456016.8607490
2456016.8650280
2456016.8673326
2456016.8693550
2456016.8716063
2456016.8735688
2456016.8755282
2456016.8775771
2456016.8795716
2456016.8818725
2456016.8838753
2456016.8861995
2456016.8885589
2456016.8905841
2456017.7470486
2456017.7518360
2456017.7633755
2456017.7680615
2456017.7705187
2456017.7751475
2456017.7822365
2456017.7866999
2456017.7933785
2456017.7974929
2456017.8039735
2456017.8086009
2456017.8152771
2456017.8198548
2456017.8221436
2456017.8267338
2456017.8312158
2456017.8335322
2456017.8377786
2456017.8422919
2456017.8446401
2456017.8491614
2456017.8538382
2456017.8559599
2456017.8602240
2456017.8643262
2456017.8663785
2456017.8705222
2456017.8725695
2456017.8745501
2456017.8765383
2456017.8804897
2456017.8825792
2456017.8846097
2456017.8865965
2456027.9752417
2456027.9763708
2456027.9774603
2456027.9933566
2456027.9956347
2456027.9980427
2456028.0003608
2456028.9071564
2456028.9092020
2456028.9158119
2456028.9178301
2456028.9199041
2456028.9219570
2456028.9242336
2456028.9262237
2456028.9303193
2456028.9326580
2456028.9347263
2456028.9370557
2456028.9391124
2456028.9414314
2456028.9434675
2456028.9963825
2456028.9984464
2456029.0005029
2456029.0024882
2456029.0045106
2456029.0089061
2456029.0112200
2456029.0132802
2456029.0155777
2456029.0176125
2456029.0196269
2456029.0216718
2456029.0236862
2456029.0257235
2456029.0280145
2456029.0302309
2456029.0323517
2456029.0346396
2456029.0366521
2456029.0386643
2456029.0409690
2456029.0430456
2456029.0455291
2456029.0476052
2456029.0499821
2456029.0520575
2456029.0541292
2456029.0561476
2456029.9383280
2456029.9407481
2456029.9452889
2456029.9476243
2456029.9499502
2456030.0260761
2456030.0283895
2456030.0304986
2456030.0474869
2456030.0604804
2456030.0746320
2456030.0834240
2456030.0855022
2456030.0939785
2456030.1045890
2456030.1109610
2456031.0733562
2456031.0756024
2456031.0846252
2456031.0869138
2456031.0960484
2456031.1074162
2456032.0007515
2456032.0030312
2456032.0093742
2456032.0114183
2456032.0134587
2456032.0196813
2456032.0219410
2456032.0240414
2456032.0260578
2456032.0280959
2456032.0304389
2456032.0323915
2456032.0458723
2456032.0484022
2456032.0504458
2456032.0529055
2456033.0724068
2456033.0749135
2456033.0769633
2456034.0566719
2456034.0649303
2456034.0755774
2456034.0797757
2456034.0843761
2456034.0865400
2456034.0906105
2456034.0927087
2456034.0948117
2456034.0968571
2456034.0990283
2456034.1012517
2456034.1034196
2456034.1056281
2456034.1077942
2456034.1099644
2456034.1121346
2456034.1142920
2456034.1164417
2456034.1186044
2456035.0801026
2456035.0874597
2456035.0893184
2456035.1083593
2456035.1102295
2456035.1161718
2456035.1180413
2456035.1201408
2456035.1260423
2456035.1300930
2456045.7797041
2456045.7819480
2456045.7842015
2456045.7861532
2456045.7882919
2456045.7905287
2456045.7927943
2456045.8094450
2456045.8117188
2456045.8139177
2456045.8205865
2456045.8225173
2456045.8248641
2456045.8317261
2456045.8362632
2456045.8430757
2456045.8453298
2456045.8475958
2456045.8499006
2456045.8542967
2456045.8565493
2456045.8587739
2456045.8610626
2456045.8633134
2456045.8655716
2456045.8701885
2456045.8723551
2456046.7473049
2456046.7492295
2456046.7560803
2456046.7581014
2456046.7602579
2456046.7688342
2456046.7711120
2456046.7775597
2456046.8013031
2456046.8035798
2456046.8057996
2456046.8077332
2456046.8119373
2456046.8139605
2456046.8159233
2456046.8180722
2456046.8200793
2456046.8220513
2456046.8243232
2456046.8266093
2456046.8286860
2456046.8307195
2456046.8329373
2456046.8351537
2456046.8373791
2456046.8395518
2456046.8417605
2456046.8438856
2456046.8458146
2456046.8479743
2456046.8502555
2456046.8525061
2456046.8546972
2456046.8565941
2456046.8585328
2456046.8607135
2456046.8629139
2456046.8650702
2456046.8670588
2456046.8692933
2456046.8714457
2456046.8736362
2456046.8757789
2456047.8147028
2456047.8229102
2456047.8249749
2456047.8271321
2456047.8292617
2456047.8313122
2456047.8333054
2456047.8353264
2456047.8394073
2456047.8415770
2456047.8436910
2456047.8457566
2456047.8476512
2456047.8498152
2456047.8517332
2456047.8537867
2456047.8559802
2456047.8578803
2456047.8598536
2456047.8619680
2456047.8639251
2456047.8659815
2456047.8681278
2456047.8723424
2456047.8745050
2456047.8766797
2456047.8788857
2456047.8830742
2456047.8850755
2456047.8870551
2456047.8927812
2456047.8946386
2456047.8967999
2456047.8986998
2456047.9008578
2456047.9027192
2456047.9065082
2456047.9084030
2456061.0179636
2456061.0201077
2456061.0222627
2456061.0244957
2456061.0266514
2456061.0395233
2456061.0414761
2456061.0435767
2456061.0458194
2456061.0580064
2456061.0600644
2456061.0621047
2456061.0643599
2456061.0666086
2456061.0686355
2456061.0708271
2456061.0794450
2456061.0814664
2456061.0913596
2456061.0936684
2456061.0960007
2456061.1020754
2456061.1114472
2456061.1135264
2456061.1251435
2456061.1273270
2456061.1313243
2456061.1335234
2456061.1357606
2456062.1227355
2456062.1246992
2456062.1287072
2456062.1305743
2456062.1325460
2456062.1344789
2456062.1382281
2456062.1400875
2456062.1422165
2456062.1443433
2456062.1483353
2456062.1504735
2456062.1524275
2456062.1562144
2456063.0225717
2456063.0244372
2456063.0319881
2456063.0340836
2456063.0419316
2456063.0569514
2456063.0703715
2456063.0722197
2456063.0743410
2456063.0762474
2456063.0800517
2456063.0821650
2456063.0909155
2456063.0928908
2456063.0965906
2456063.1064407
2456063.1086320
2456063.1104873
2456063.1146922
2456063.1165588
2456063.1205400
2456063.1226544
2456063.1246153
2456063.1264709
2456063.1304023
2456063.1322544
2456063.1360308
2456063.1419592
2456063.1459482
2456063.1481179
2456063.1499706
2456064.0484371
2456064.0506348
2456064.0527915
2456064.0625753
2456064.0811692
2456064.0833152
2456064.0876158
2456064.0919607
2456064.0940980
2456064.1005906
2456073.7098406
2456073.7159027
2456073.7182117
2456073.7205277
2456073.7273378
2456073.7292937
2456073.7312246
2456073.7409587
2456073.7429404
2456073.7452091
2456073.7472223
2456073.7494585
2456073.7514991
2456073.7535205
2456073.7555269
2456073.7595348
2456073.7615524
2456073.7638095
2456073.7658635
2456073.7698639
2456073.7718809
2456073.7738874
2456073.7758928
2456073.7781942
2456073.7801957
2456073.7822325
2456073.7842418
2456073.7862409
2456073.7882301
2456073.7904195
2456073.7923619
2456073.7943162
2456073.7964398
2456073.7983881
2456073.8003235
2456073.8022711
2456073.8045039
2456073.8065051
2456073.8104361
2456073.8124405
2456073.8144360
2456073.8164033
2456073.8202372
2456073.8223230
2456073.8242368
2456073.8263860
2456074.7327030
2456074.7348035
2456074.7752300
2456074.7773290
2456074.7815862
2456074.7836893
2456074.7857900
2456074.7880202
2456074.7922791
2456074.7945951
2456074.7966551
2456074.7987128
2456074.8052514
2456074.8075415
2456074.8095359
2456074.8117343
2456074.8137041
2456074.8157174
2456074.8176628
2456074.8196129
2456074.8217721
2456074.8242346
2456074.8262270
2456074.8286475
2456075.7811987
2456075.7832443
2456075.7854193
2456075.7874151
2456075.7894666
2456075.7913842
2456075.7935117
2456075.7955314
2456075.7976815
2456075.7997739
2456075.8017895
2456075.8039350
2456075.8084465
2456075.8105793
2456075.8126635
2456075.8147131
2456075.8166547
2456075.8185959
2456075.8206547
2456075.8225933
2456075.8245752
2456075.8266508
2456075.8285680
2456075.8306672
2456075.8328575
2456075.8348932
2456075.8369463
2456075.8389718
2456075.8409151
2456075.8427927
2456075.8448337
2456075.8467324
2456075.8489048
2456075.8510800
2456075.8530255
2456075.8549687
2456075.8568988
2456075.8587892
2456075.8609761
2456075.8631530
2456075.8653025
2456075.8709791
2456076.7422904
2456076.7466761
2456076.7488973
2456076.7605692
2456076.7666482
2456076.7710174
2456076.7831203
2456076.7858722
2456076.7884112
2456076.7909469
2456076.7950851
2456076.7972322
2456076.7990775
2456076.8012300
2456076.8054409
2456076.8076636
2456076.8095465
2456076.8114367
2456076.8133688
2456076.8155215
2456076.8173945
2456076.8213990
2456076.8252080
2456076.8294765
2456076.8316367
2456076.8334823
2456076.8355860
2456076.8420302
2456076.8440914
2456076.8462267
2456076.8483594
2456076.8524320
2456076.8585841
2456076.8625166
2456076.8643881
2456076.8682157
2456076.8722021
2456076.8740548
2456076.8759262
2456076.8777946
2456076.8815245
2456076.8852473
2456082.9549607
2456082.9570017
2456082.9611622
2456082.9650255
2456082.9669860
2456082.9751349
2456082.9770878
2456090.0263508
2456090.0282314
2456090.0322262
2456090.0340727
2456090.0363401
2456090.0519791
2456090.0538835
2456090.0562916
2456090.0605944
2456090.0624643
2456090.0665160
2456090.0730351
2456090.0850812
2456090.0994245
2456090.1015646
2456090.1058239
2456090.1098525
2456090.1141341
2456090.1162585
2456090.1205402
2456090.1269290
2456091.0166886
2456091.0261840
2456091.0281767
2456091.0300958
2456091.0339537
2456091.0359588
2456091.0417391
2456091.0438083
2456091.0458161
2456091.0514660
2456091.0533984
2456091.0552857
2456091.0633229
2456091.0653683
2456091.0746894
2456091.0805448
2456091.0824877
2456091.0863645
2456091.0959451
2456091.1056433
2456092.0379827
2456092.0422747
2456092.0566447
2456092.0624105
2456092.0643194
2456092.0662073
2456092.0680587
2456092.0773831
2456092.0792585
2456092.0830068
2456092.0848552
2456092.0867163
2456092.0885820
2456092.0941324
2456092.0959943
2456092.0978568
2456092.0997031
2456092.1036934
2456092.1076552
2456092.1132305
2456092.1150850
2456092.1169484
2456093.0359705
2456093.0378773
2456093.0416771
2456093.0436641
2456093.0455810
2456093.0474477
2456093.0518126
2456093.0539383
2456093.0648962
2456093.0875756
2456093.0894231
2456093.0931332
2456093.0952992
2456093.0971640
2456093.1069588
2456093.1165141
2456095.1175415
2456103.7820837
2456103.7844051
2456103.7866779
2456103.7890679
2456103.7931638
2456103.7951170
2456103.7972656
2456103.7993632
2456103.8035784
2456103.8057634
2456103.8077676
2456103.8096498
2456103.8118842
2456103.8141307
2456103.8160437
2456103.8180471
2456103.8199423
2456103.8219347
2456103.8238595
2456103.8257955
2456103.8276783
2456103.8295876
2456103.8319140
2456103.8340585
2456103.8361986
2456103.8382127
2456103.8401280
2456103.8422929
2456103.8442060
2456103.8463754
2456103.8487854
2456103.8507882
2456104.7599006
2456104.7802661
2456104.7824702
2456104.7981193
2456104.8098957
2456104.8120040
2456104.8187997
2456104.8214485
2456104.8236507
2456104.8263174
2456104.8283797
2456104.8329071
2456104.8348311
2456104.8369029
2456104.8394171
2456104.8436408
2456104.8455825
2456104.8499348
2456104.8541959
2456104.8562657
2456104.8582007
2456104.8604791
2456104.8624283
2456104.8647106
2456104.8669254
2456104.8688690
2456104.8710362
2456104.8729697
2456104.8751497
2456104.8770674
2456104.8794353
2456104.8813530
2456105.8003311
2456105.8022086
2456105.8246374
2456105.8286258
2456105.8323908
2456105.8342474
2456105.8382520
2456105.8424680
2456105.8445889
2456105.8483704
2456105.8542035
2456106.8025378
2456106.8065875
2456106.8084661
2456106.8122418
2456106.8160130
2456106.8179487
2456106.8216942
2456106.8317655
