         62.5332          0.9990          0.0123          0.2704        210.3750    1000000.0000       1327.4279   0.038362
         62.5332          0.9985          0.0127          0.2704        210.3750    1000000.0000       1327.4279   0.038362
         63.4384          0.9990          0.0124          0.2775        210.4583    1000000.0000       1327.4540   0.037784
         62.5332          0.9992          0.0118          0.2704        210.3750    1000000.0000       1327.4279   0.038362
         63.4384          1.0002          0.0120          0.2775        210.4583    1000000.0000       1327.4540   0.037784
         64.3441          1.0022          0.0119          0.2846        210.5417          4.2423       1327.4801   0.037207
         65.2503          1.0007          0.0117          0.2918        210.6250          1.6599       1327.5062   0.036631
         66.1573          1.0005          0.0120          0.2990        210.7083          1.1980       1327.5325   0.036055
         62.5332          1.0009          0.0120          0.2704        210.3750    1000000.0000       1327.4279   0.038362
         62.9857          1.0005          0.0114          0.2740        210.4167    1000000.0000       1327.4409   0.038073
         63.4384          0.9976          0.0151          0.2775        210.4583    1000000.0000       1327.4540   0.037784
         63.8911          1.0022          0.0112          0.2811        210.5000    1000000.0000       1327.4670   0.037496
         64.3441          1.0007          0.0126          0.2846        210.5417          4.2423       1327.4801   0.037207
         64.7971          0.9989          0.0124          0.2882        210.5833          2.3247       1327.4931   0.036919
         65.2503          0.9993          0.0126          0.2918        210.6250          1.6599       1327.5062   0.036631
         65.7037          1.0000          0.0125          0.2954        210.6667          1.3507       1327.5194   0.036343
         66.1573          1.0009          0.0127          0.2990        210.7083          1.1980       1327.5325   0.036055
         66.6110          0.9983          0.0142          0.3027        210.7500          1.1369       1327.5457   0.035767
         67.0649          0.9999          0.0126          0.3063        210.7917          1.1465       1327.5589   0.035479
         67.5189          1.0011          0.0128          0.3100        210.8333          1.2296       1327.5721   0.035192
         67.9732          0.9985          0.0130          0.3136        210.8750          1.4147       1327.5853   0.034905
         68.4276          0.9987          0.0110          0.3173        210.9167          1.7852       1327.5986   0.034618
         68.8822          1.0017          0.0119          0.3210        210.9583          2.6084       1327.6118   0.034331
         69.3371          1.0002          0.0126          0.3247        211.0000          5.2617       1327.6251   0.034045
         69.7921          0.9999          0.0129          0.3285        211.0417    1000000.0000       1327.6384   0.033759
         70.2474          1.0004          0.0129          0.3322        211.0833    1000000.0000       1327.6518   0.033473
         70.7028          0.9999          0.0121          0.3360        211.1250    1000000.0000       1327.6651   0.033187
         71.1585          0.9996          0.0122          0.3397        211.1667    1000000.0000       1327.6785   0.032902
         71.6144          0.9995          0.0125          0.3435        211.2083    1000000.0000       1327.6919   0.032617
         72.0706          0.9994          0.0114          0.3473        211.2500    1000000.0000       1327.7053   0.032333
         72.5270          0.9994          0.0126          0.3511        211.2917    1000000.0000       1327.7187   0.032048
         72.9836          1.0011          0.0120          0.3549        211.3333    1000000.0000       1327.7322   0.031765
         73.4405          0.9985          0.0124          0.3587        211.3750    1000000.0000       1327.7456   0.031481
         73.8976          1.0006          0.0119          0.3626        211.4167    1000000.0000       1327.7591   0.031198
         74.3550          0.9990          0.0119          0.3664        211.4583    1000000.0000       1327.7726   0.030916
         74.8127          0.9995          0.0126          0.3703        211.5000    1000000.0000       1327.7862   0.030633
         75.2706          1.0004          0.0122          0.3741        211.5417          6.4067       1327.7997   0.030352
         75.7288          0.9995          0.0127          0.3780        211.5833          2.8275       1327.8133   0.030071
         76.1874          0.9993          0.0126          0.3819        211.6250          1.8540       1327.8269   0.029790
         76.6461          0.9992          0.0117          0.3858        211.6667          1.4317       1327.8405   0.029510
         77.1052          0.9997          0.0123          0.3897        211.7083          1.2190       1327.8542   0.029230
         77.5646          1.0017          0.0129          0.3936        211.7500          1.1146       1327.8678   0.028951
         78.0243          1.0002          0.0116          0.3975        211.7917          1.0821       1327.8815   0.028672
         78.4843          0.9996          0.0128          0.4015        211.8333          1.1114       1327.8952   0.028394
         78.9447          0.9981          0.0121          0.4054        211.8750          1.2110       1327.9089   0.028116
         79.4053          1.0010          0.0115          0.4094        211.9167          1.4138       1327.9226   0.027839
         79.8663          1.0015          0.0122          0.4133        211.9583          1.8101       1327.9364   0.027563
         80.3276          1.0005          0.0123          0.4173        212.0000          2.6899       1327.9502   0.027287
         80.7893          0.9987          0.0121          0.4213        212.0417          5.5774       1327.9640   0.027012
         81.2513          1.0011          0.0117          0.4253        212.0833    1000000.0000       1327.9778   0.026737
         81.7136          1.0001          0.0114          0.4292        212.1250    1000000.0000       1327.9916   0.026463
         82.1764          1.0021          0.0122          0.4333        212.1667    1000000.0000       1328.0055   0.026190
         82.6395          1.0004          0.0113          0.4373        212.2083    1000000.0000       1328.0194   0.025917
         83.1029          1.0005          0.0113          0.4413        212.2500    1000000.0000       1328.0333   0.025645
         83.5667          1.0002          0.0128          0.4453        212.2917    1000000.0000       1328.0472   0.025374
         84.0310          0.9992          0.0121          0.4493        212.3333    1000000.0000       1328.0611   0.025104
         84.4956          0.9977          0.0127          0.4534        212.3750    1000000.0000       1328.0751   0.024834
         84.9606          1.0008          0.0120          0.4574        212.4167    1000000.0000       1328.0891   0.024565
         85.4260          1.0003          0.0129          0.4615        212.4583    1000000.0000       1328.1031   0.024296
         85.8918          0.9980          0.0136          0.4655        212.5000    1000000.0000       1328.1171   0.024029
         86.3580          0.9992          0.0124          0.4696        212.5417         13.2481       1328.1311   0.023762
         86.8246          0.9977          0.0127          0.4736        212.5833          3.8139       1328.1452   0.023496
         87.2917          1.0004          0.0112          0.4777        212.6250          2.2026       1328.1593   0.023231
         87.7592          1.0005          0.0122          0.4818        212.6667          1.5910       1328.1734   0.022966
         88.2271          0.9972          0.0127          0.4859        212.7083          1.2924       1328.1875   0.022703
         88.6955          1.0007          0.0122          0.4899        212.7500          1.1362       1328.2016   0.022440
         89.1643          1.0000          0.0128          0.4940        212.7917          1.0626       1328.2158   0.022178
         89.6335          1.0001          0.0111          0.4981        212.8333          1.0495       1328.2300   0.021917
         90.1033          0.9998          0.0128          0.5022        212.8750          1.0931       1328.2442   0.021657
         90.5734          0.9995          0.0130          0.5063        212.9167          1.2050       1328.2584   0.021398
         91.0441          0.9997          0.0131          0.5104        212.9583          1.4213       1328.2726   0.021140
         91.5152          1.0001          0.0126          0.5145        213.0000          1.8362       1328.2869   0.020882
         91.9869          0.9989          0.0128          0.5187        213.0417          2.7493       1328.3012   0.020626
         92.4590          1.0010          0.0125          0.5228        213.0833          5.7153       1328.3155   0.020370
         92.9316          0.9992          0.0122          0.5269        213.1250    1000000.0000       1328.3298   0.020116
         93.4046          0.9989          0.0119          0.5310        213.1667    1000000.0000       1328.3442   0.019862
         93.8782          1.0009          0.0119          0.5351        213.2083    1000000.0000       1328.3585   0.019610
         94.3524          0.9987          0.0119          0.5393        213.2500    1000000.0000       1328.3729   0.019358
         94.8270          1.0011          0.0132          0.5434        213.2917    1000000.0000       1328.3873   0.019108
         95.3021          0.9992          0.0125          0.5475        213.3333    1000000.0000       1328.4017   0.018858
         95.7778          0.9995          0.0115          0.5516        213.3750    1000000.0000       1328.4162   0.018610
         96.2540          1.0004          0.0125          0.5558        213.4167    1000000.0000       1328.4306   0.018362
         96.7307          0.9994          0.0117          0.5599        213.4583    1000000.0000       1328.4451   0.018116
         97.2080          0.9987          0.0122          0.5640        213.5000    1000000.0000       1328.4596   0.017871
         97.6859          1.0022          0.0129          0.5682        213.5417    1000000.0000       1328.4741   0.017627
         98.1643          0.9999          0.0112          0.5723        213.5833          6.2948       1328.4887   0.017384
         98.6432          0.9994          0.0123          0.5764        213.6250          2.8755       1328.5032   0.017142
         99.1227          1.0000          0.0126          0.5806        213.6667          1.8832       1328.5178   0.016902
         99.6028          0.9991          0.0130          0.5847        213.7083          1.4403       1328.5324   0.016662
        100.0835          1.0012          0.0119          0.5888        213.7500          1.2093       1328.5470   0.016424
        100.5647          1.0014          0.0129          0.5929        213.7917          1.0866       1328.5617   0.016187
        101.0465          1.0007          0.0131          0.5971        213.8333          1.0323       1328.5763   0.015951
        101.5290          0.9998          0.0121          0.6012        213.8750          1.0319       1328.5910   0.015716
        102.0120          0.9977          0.0123          0.6053        213.9167          1.0848       1328.6057   0.015483
        102.4956          1.0000          0.0115          0.6094        213.9583          1.2046       1328.6204   0.015251
        102.9798          1.0003          0.0122          0.6135        214.0000          1.4283       1328.6352   0.015020
        103.4647          0.9998          0.0122          0.6177        214.0417          1.8503       1328.6499   0.014790
        103.9501          1.0015          0.0132          0.6218        214.0833          2.7628       1328.6647   0.014562
        104.4362          1.0041          0.0116          0.6259        214.1250          5.6121       1328.6795   0.014335
        104.9229          1.0005          0.0130          0.6300        214.1667    1000000.0000       1328.6943   0.014109
        105.4102          0.9999          0.0133          0.6341        214.2083    1000000.0000       1328.7091   0.013885
        105.8982          0.9979          0.0118          0.6382        214.2500    1000000.0000       1328.7240   0.013662
        106.3868          0.9992          0.0122          0.6423        214.2917    1000000.0000       1328.7389   0.013441
        106.8761          1.0017          0.0126          0.6463        214.3333    1000000.0000       1328.7538   0.013221
        107.3660          1.0002          0.0130          0.6504        214.3750    1000000.0000       1328.7687   0.013002
        107.8565          0.9996          0.0119          0.6545        214.4167    1000000.0000       1328.7836   0.012785
        108.3478          1.0010          0.0121          0.6586        214.4583    1000000.0000       1328.7986   0.012569
        108.8397          0.9997          0.0128          0.6626        214.5000    1000000.0000       1328.8135   0.012355
        109.3322          0.9979          0.0118          0.6667        214.5417    1000000.0000       1328.8285   0.012142
        109.8254          0.9997          0.0120          0.6707        214.5833    1000000.0000       1328.8436   0.011930
        110.3193          1.0005          0.0125          0.6748        214.6250          4.4768       1328.8586   0.011720
        110.8139          1.0011          0.0115          0.6788        214.6667          2.4559       1328.8736   0.011512
        111.3092          1.0001          0.0126          0.6828        214.7083          1.7174       1328.8887   0.011305
        111.8052          1.0011          0.0131          0.6868        214.7500          1.3581       1328.9038   0.011100
        112.3018          0.9995          0.0120          0.6908        214.7917          1.1637       1328.9189   0.010896
        112.7992          0.9986          0.0118          0.6948        214.8333          1.0599       1328.9340   0.010694
        113.2972          0.9989          0.0136          0.6988        214.8750          1.0167       1328.9492   0.010493
        113.7960          0.9996          0.0125          0.7028        214.9167          1.0233       1328.9644   0.010294
        114.2955          0.9995          0.0118          0.7068        214.9583          1.0810       1328.9796   0.010097
        114.7956          1.0009          0.0121          0.7108        215.0000          1.2041       1328.9948   0.009901
        115.2965          0.9995          0.0121          0.7147        215.0417          1.4291       1329.0100   0.009707
        115.7981          0.9997          0.0125          0.7186        215.0833          1.8467       1329.0252   0.009515
        116.3005          1.0009          0.0121          0.7226        215.1250          2.7303       1329.0405   0.009325
        116.8035          1.0025          0.0132          0.7265        215.1667          5.3461       1329.0558   0.009136
        117.3073          1.0030          0.0120          0.7304        215.2083    1000000.0000       1329.0711   0.008948
        117.8118          1.0022          0.0122          0.7343        215.2500    1000000.0000       1329.0864   0.008763
        118.3171          0.9999          0.0126          0.7382        215.2917    1000000.0000       1329.1018   0.008579
        118.8231          0.9996          0.0120          0.7420        215.3333    1000000.0000       1329.1171   0.008397
        119.3298          0.9999          0.0127          0.7459        215.3750    1000000.0000       1329.1325   0.008217
        119.8373          1.0008          0.0140          0.7497        215.4167    1000000.0000       1329.1479   0.008039
        120.3455          1.0005          0.0130          0.7536        215.4583    1000000.0000       1329.1633   0.007862
        120.8545          1.0007          0.0127          0.7574        215.5000    1000000.0000       1329.1788   0.007687
        121.3642          0.9993          0.0120          0.7612        215.5417    1000000.0000       1329.1942   0.007514
        121.8747          0.9993          0.0115          0.7650        215.5833    1000000.0000       1329.2097   0.007343
        122.3859          1.0006          0.0120          0.7687        215.6250         11.1189       1329.2252   0.007174
        122.8979          1.0002          0.0117          0.7725        215.6667          3.8425       1329.2407   0.007007
        123.4106          1.0000          0.0120          0.7762        215.7083          2.2768       1329.2563   0.006841
        123.9241          0.9998          0.0125          0.7799        215.7500          1.6432       1329.2718   0.006678
        124.4384          0.9998          0.0109          0.7836        215.7917          1.3213       1329.2874   0.006516
        124.9534          0.9991          0.0127          0.7873        215.8333          1.1437       1329.3030   0.006357
        125.4692          0.9998          0.0117          0.7910        215.8750          1.0485       1329.3186   0.006199
        125.9858          1.0010          0.0111          0.7946        215.9167          1.0101       1329.3342   0.006043
        126.5031          0.9981          0.0121          0.7983        215.9583          1.0194       1329.3499   0.005889
        127.0212          1.0006          0.0120          0.8019        216.0000          1.0784       1329.3655   0.005737
        127.5401          0.9998          0.0117          0.8055        216.0417          1.2013       1329.3812   0.005588
        128.0597          0.9991          0.0124          0.8090        216.0833          1.4235       1329.3969   0.005440
        128.5801          0.9997          0.0125          0.8126        216.1250          1.8317       1329.4127   0.005294
        129.1013          1.0010          0.0111          0.8161        216.1667          2.6805       1329.4284   0.005150
        129.6232          1.0017          0.0125          0.8196        216.2083          5.0924       1329.4442   0.005008
        130.1459          1.0011          0.0118          0.8231        216.2500    1000000.0000       1329.4600   0.004868
        130.6694          0.9999          0.0127          0.8266        216.2917    1000000.0000       1329.4758   0.004730
        131.1937          1.0014          0.0119          0.8300        216.3333    1000000.0000       1329.4916   0.004595
        131.7187          0.9997          0.0119          0.8334        216.3750    1000000.0000       1329.5074   0.004461
        132.2445          1.0011          0.0111          0.8368        216.4167    1000000.0000       1329.5233   0.004330
        132.7711          0.9996          0.0119          0.8402        216.4583    1000000.0000       1329.5392   0.004200
        133.2984          1.0003          0.0121          0.8436        216.5000    1000000.0000       1329.5551   0.004073
        133.8265          1.0003          0.0132          0.8469        216.5417    1000000.0000       1329.5710   0.003947
        134.3554          1.0013          0.0119          0.8502        216.5833    1000000.0000       1329.5869   0.003824
        134.8850          1.0003          0.0116          0.8535        216.6250    1000000.0000       1329.6029   0.003703
        135.4154          1.0017          0.0124          0.8567        216.6667          9.9818       1329.6189   0.003584
        135.9466          1.0001          0.0119          0.8600        216.7083          3.7119       1329.6349   0.003467
        136.4785          0.9984          0.0121          0.8632        216.7500          2.2419       1329.6509   0.003352
        137.0112          1.0011          0.0110          0.8663        216.7917          1.6305       1329.6669   0.003240
        137.5446          0.9992          0.0118          0.8695        216.8333          1.3161       1329.6829   0.003129
        138.0788          0.9986          0.0122          0.8726        216.8750          1.1414       1329.6990   0.003020
        138.6138          1.0013          0.0119          0.8757        216.9167          1.0473       1329.7151   0.002914
        139.1494          1.0003          0.0120          0.8787        216.9583          1.0092       1329.7312   0.002810
        139.6859          0.9987          0.0114          0.8818        217.0000          1.0183       1329.7473   0.002708
        140.2230          0.9995          0.0116          0.8848        217.0417          1.0768       1329.7635   0.002608
        140.7610          1.0004          0.0125          0.8878        217.0833          1.1986       1329.7796   0.002510
        141.2996          0.9989          0.0129          0.8907        217.1250          1.4187       1329.7958   0.002414
        141.8390          1.0011          0.0133          0.8936        217.1667          1.8231       1329.8120   0.002321
        142.3791          1.0007          0.0130          0.8965        217.2083          2.6629       1329.8282   0.002229
        142.9199          1.0010          0.0112          0.8993        217.2500          5.0436       1329.8445   0.002140
        143.4614          0.9997          0.0125          0.9022        217.2917    1000000.0000       1329.8607   0.002053
        144.0036          1.0020          0.0119          0.9050        217.3333    1000000.0000       1329.8770   0.001967
        144.5465          0.9983          0.0123          0.9077        217.3750    1000000.0000       1329.8933   0.001884
        145.0902          0.9990          0.0112          0.9104        217.4167    1000000.0000       1329.9096   0.001803
        145.6345          0.9982          0.0122          0.9131        217.4583    1000000.0000       1329.9260   0.001725
        146.1795          1.0000          0.0118          0.9158        217.5000    1000000.0000       1329.9423   0.001648
        146.7252          0.9987          0.0122          0.9184        217.5417    1000000.0000       1329.9587   0.001573
        147.2715          1.0015          0.0137          0.9210        217.5833    1000000.0000       1329.9751   0.001500
        147.8185          1.0019          0.0112          0.9235        217.6250    1000000.0000       1329.9915   0.001430
        148.3662          1.0015          0.0120          0.9260        217.6667    1000000.0000       1330.0079   0.001361
        148.9144          0.9990          0.0120          0.9285        217.7083         11.4976       1330.0243   0.001294
        149.4634          1.0001          0.0120          0.9310        217.7500          3.9243       1330.0408   0.001230
        150.0129          1.0004          0.0124          0.9334        217.7917          2.3122       1330.0573   0.001167
        150.5631          0.9995          0.0123          0.9357        217.8333          1.6628       1330.0738   0.001106
        151.1138          0.9980          0.0131          0.9381        217.8750          1.3335       1330.0903   0.001048
        151.6651          0.9996          0.0135          0.9404        217.9167          1.1515       1330.1068   0.000991
        152.2170          0.9995          0.0125          0.9426        217.9583          1.0536       1330.1234   0.000936
        152.7695          1.0000          0.0121          0.9448        218.0000          1.0133       1330.1400   0.000883
        153.3225          1.0021          0.0121          0.9470        218.0417          1.0214       1330.1566   0.000832
        153.8760          1.0005          0.0126          0.9492        218.0833          1.0798       1330.1732   0.000783
        154.4301          0.9991          0.0114          0.9513        218.1250          1.2032       1330.1898   0.000736
        154.9846          1.0004          0.0124          0.9533        218.1667          1.4283       1330.2065   0.000690
        155.5396          0.9990          0.0124          0.9553        218.2083          1.8474       1330.2231   0.000647
        156.0950          1.0011          0.0123          0.9573        218.2500          2.7399       1330.2398   0.000605
        156.6509          1.0000          0.0122          0.9592        218.2917          5.4349       1330.2565   0.000565
        157.2072          0.9977          0.0114          0.9611        218.3333    1000000.0000       1330.2732   0.000526
        157.7638          1.0006          0.0114          0.9630        218.3750    1000000.0000       1330.2900   0.000489
        158.3208          1.0008          0.0123          0.9648        218.4167    1000000.0000       1330.3067   0.000454
        158.8781          0.9999          0.0123          0.9666        218.4583    1000000.0000       1330.3235   0.000421
        159.4357          0.9992          0.0126          0.9683        218.5000    1000000.0000       1330.3403   0.000389
        159.9935          1.0000          0.0124          0.9700        218.5417    1000000.0000       1330.3571   0.000359
        160.5516          0.9984          0.0124          0.9716        218.5833    1000000.0000       1330.3739   0.000330
        161.1097          1.0008          0.0123          0.9732        218.6250    1000000.0000       1330.3908   0.000303
        161.6680          0.9993          0.0130          0.9747        218.6667    1000000.0000       1330.4077   0.000278
        162.2263          1.0015          0.0119          0.9762        218.7083    1000000.0000       1330.4245   0.000253
        162.7846          1.0017          0.0123          0.9777        218.7500    1000000.0000       1330.4415   0.000231
        163.3429          0.9999          0.0126          0.9791        218.7917          4.4802       1330.4584   0.000209
        163.9009          0.9988          0.0120          0.9805        218.8333          2.4706       1330.4753   0.000189
        164.4587          0.9984          0.0123          0.9818        218.8750          1.7297       1330.4923   0.000170
        165.0161          1.0013          0.0118          0.9831        218.9167          1.3681       1330.5093   0.000153
        165.5730          1.0006          0.0124          0.9843        218.9583          1.1722       1330.5263   0.000137
        166.1294          0.9990          0.0130          0.9855        219.0000          1.0677       1330.5433   0.000122
        166.6849          1.0002          0.0126          0.9866        219.0417          1.0248       1330.5603   0.000108
        167.2395          1.0028          0.0126          0.9877        219.0833          1.0330       1330.5774   0.000095
        167.7929          0.9999          0.0134          0.9887        219.1250          1.0946       1330.5944   0.000083
        168.3449          0.9987          0.0114          0.9897        219.1667          1.2261       1330.6115   0.000073
        168.8951          1.0000          0.0122          0.9907        219.2083          1.4702       1330.6286   0.000063
        169.4433          0.9991          0.0128          0.9916        219.2500          1.9387       1330.6457   0.000054
        169.9889          1.0010          0.0124          0.9924        219.2917          3.0008       1330.6629   0.000046
        170.5315          0.9991          0.0113          0.9932        219.3333          6.8071       1330.6800   0.000039
        171.0703          1.0007          0.0119          0.9940        219.3750    1000000.0000       1330.6972   0.000033
        171.6046          1.0004          0.0117          0.9947        219.4167    1000000.0000       1330.7144   0.000027
        172.1333          0.9997          0.0120          0.9953        219.4583    1000000.0000       1330.7316   0.000022
        172.6550          0.9986          0.0127          0.9959        219.5000    1000000.0000       1330.7489   0.000018
        173.1681          0.9990          0.0122          0.9965        219.5417    1000000.0000       1330.7661   0.000015
        173.6704          0.9988          0.0114          0.9970        219.5833    1000000.0000       1330.7834   0.000012
        174.1589          0.9991          0.0127          0.9974        219.6250    1000000.0000       1330.8007   0.000009
        174.6296          0.9998          0.0124          0.9978        219.6667    1000000.0000       1330.8180   0.000007
        175.0774          1.0000          0.0123          0.9982        219.7083    1000000.0000       1330.8353   0.000006
        175.4953          0.9999          0.0129          0.9985        219.7500    1000000.0000       1330.8526   0.000004
        175.8739          1.0021          0.0131          0.9987        219.7917    1000000.0000       1330.8700   0.000003
        176.2013          1.0005          0.0112          0.9989        219.8333          5.4848       1330.8874   0.000003
        176.4631          1.0002          0.0132          0.9991        219.8750          2.7100       1330.9048   0.000002
       -176.6438          0.9989          0.0116          0.9991        219.9167          1.8257       1330.9222   0.000002
       -176.7296          1.0020          0.0113          0.9992        219.9583          1.4185       1330.9396   0.000002
       -176.7130          1.0013          0.0111          0.9992        220.0000          1.2046       1330.9571   0.000002
       -176.5952          1.0001          0.0122          0.9991        220.0417          1.0931       1330.9745   0.000002
       -176.3861          1.0013          0.0132          0.9990        220.0833          1.0488       1330.9920   0.000002
       -176.1001          0.9990          0.0127          0.9988        220.1250          1.0603       1331.0095   0.000003
       -175.7526          1.0017          0.0120          0.9986        220.1667          1.1308       1331.0270   0.000004
       -175.3573          0.9996          0.0116          0.9984        220.2083          1.2813       1331.0446   0.000005
       -174.9253          1.0020          0.0126          0.9980        220.2500          1.5675       1331.0621   0.000006
       -174.4651          1.0004          0.0117          0.9977        220.2917          2.1466       1331.0797   0.000008
       -173.9831          0.9997          0.0120          0.9973        220.3333          3.6265       1331.0973   0.000010
       -173.4841          0.9991          0.0117          0.9968        220.3750         11.4377       1331.1149   0.000013
       -172.9716          0.9987          0.0133          0.9963        220.4167    1000000.0000       1331.1326   0.000016
       -172.4484          1.0014          0.0127          0.9957        220.4583    1000000.0000       1331.1502   0.000020
       -171.9165          0.9980          0.0132          0.9951        220.5000    1000000.0000       1331.1679   0.000025
       -171.3775          0.9998          0.0130          0.9944        220.5417    1000000.0000       1331.1855   0.000030
       -170.8326          0.9994          0.0113          0.9936        220.5833    1000000.0000       1331.2032   0.000036
       -170.2828          1.0031          0.0114          0.9929        220.6250    1000000.0000       1331.2210   0.000043
       -169.7289          1.0008          0.0125          0.9920        220.6667    1000000.0000       1331.2387   0.000051
       -169.1714          1.0003          0.0124          0.9911        220.7083    1000000.0000       1331.2565   0.000059
       -168.6109          1.0000          0.0118          0.9902        220.7500    1000000.0000       1331.2742   0.000069
       -168.0478          1.0009          0.0109          0.9892        220.7917    1000000.0000       1331.2920   0.000080
       -167.4824          1.0007          0.0131          0.9882        220.8333    1000000.0000       1331.3098   0.000092
       -166.9151          0.9987          0.0124          0.9871        220.8750          7.1794       1331.3276   0.000105
       -166.3461          1.0004          0.0119          0.9859        220.9167          3.0316       1331.3455   0.000119
       -165.7755          0.9993          0.0123          0.9847        220.9583          1.9508       1331.3634   0.000134
       -165.2036          1.0008          0.0117          0.9835        221.0000          1.4876       1331.3812   0.000151
       -164.6306          1.0018          0.0125          0.9822        221.0417          1.2536       1331.3991   0.000169
       -164.0565          1.0008          0.0120          0.9809        221.0833          1.1356       1331.4170   0.000189
       -163.4814          0.9997          0.0125          0.9795        221.1250          1.0925       1331.4350   0.000210
       -162.9055          0.9993          0.0120          0.9780        221.1667          1.1119       1331.4529   0.000233
       -162.3289          1.0009          0.0128          0.9765        221.2083          1.1999       1331.4709   0.000257
       -161.7516          0.9992          0.0116          0.9750        221.2500          1.3862       1331.4889   0.000283
       -161.1738          0.9996          0.0118          0.9734        221.2917          1.7530       1331.5069   0.000310
       -160.5954          0.9985          0.0114          0.9717        221.3333          2.5624       1331.5249   0.000340
       -160.0165          1.0006          0.0122          0.9700        221.3750          5.1542       1331.5429   0.000371
       -159.4373          0.9981          0.0125          0.9683        221.4167    1000000.0000       1331.5610   0.000404
       -158.8577          1.0015          0.0120          0.9665        221.4583    1000000.0000       1331.5791   0.000438
       -158.2777          0.9985          0.0129          0.9647        221.5000    1000000.0000       1331.5971   0.000475
       -157.6975          0.9982          0.0113          0.9628        221.5417    1000000.0000       1331.6153   0.000514
       -157.1171          1.0009          0.0126          0.9608        221.5833    1000000.0000       1331.6334   0.000554
       -156.5364          0.9977          0.0123          0.9588        221.6250    1000000.0000       1331.6515   0.000597
       -155.9556          1.0013          0.0125          0.9568        221.6667    1000000.0000       1331.6697   0.000642
       -155.3747          0.9991          0.0114          0.9547        221.7083    1000000.0000       1331.6879   0.000689
       -154.7936          0.9990          0.0122          0.9526        221.7500    1000000.0000       1331.7061   0.000738
       -154.2125          1.0006          0.0126          0.9504        221.7917    1000000.0000       1331.7243   0.000789
       -153.6313          1.0014          0.0127          0.9482        221.8333    1000000.0000       1331.7425   0.000843
       -153.0501          1.0004          0.0131          0.9459        221.8750    1000000.0000       1331.7608   0.000899
       -152.4689          0.9987          0.0128          0.9436        221.9167         10.0606       1331.7790   0.000957
       -151.8877          0.9996          0.0115          0.9413        221.9583          3.4505       1331.7973   0.001018
       -151.3066          0.9996          0.0120          0.9389        222.0000          2.1124       1331.8156   0.001081
       -150.7254          0.9999          0.0131          0.9364        222.0417          1.5828       1331.8339   0.001146
       -150.1444          0.9999          0.0125          0.9339        222.0833          1.3264       1331.8523   0.001214
       -149.5635          1.0019          0.0122          0.9314        222.1250          1.2028       1331.8706   0.001285
       -148.9827          1.0010          0.0118          0.9288        222.1667          1.1640       1331.8890   0.001358
       -148.4020          0.9978          0.0118          0.9262        222.2083          1.1978       1331.9074   0.001433
       -147.8214          1.0000          0.0131          0.9235        222.2500          1.3156       1331.9258   0.001512
       -147.2410          0.9993          0.0119          0.9208        222.2917          1.5639       1331.9442   0.001593
       -146.6608          1.0004          0.0120          0.9181        222.3333          2.0810       1331.9626   0.001676
       -146.0808          1.0005          0.0128          0.9153        222.3750          3.3995       1331.9811   0.001762
       -145.5010          1.0017          0.0124          0.9125        222.4167         10.1390       1331.9996   0.001851
       -144.9214          0.9992          0.0122          0.9096        222.4583    1000000.0000       1332.0181   0.001943
       -144.3421          1.0005          0.0126          0.9067        222.5000    1000000.0000       1332.0366   0.002037
       -143.7630          1.0002          0.0120          0.9037        222.5417    1000000.0000       1332.0551   0.002134
       -143.1841          1.0011          0.0128          0.9007        222.5833    1000000.0000       1332.0737   0.002234
       -142.6056          1.0000          0.0125          0.8977        222.6250    1000000.0000       1332.0922   0.002337
       -142.0273          0.9985          0.0121          0.8946        222.6667    1000000.0000       1332.1108   0.002443
       -141.4493          1.0001          0.0119          0.8915        222.7083    1000000.0000       1332.1294   0.002551
       -140.8716          0.9992          0.0112          0.8883        222.7500    1000000.0000       1332.1480   0.002662
       -140.2943          0.9999          0.0123          0.8852        222.7917    1000000.0000       1332.1667   0.002777
       -139.7172          1.0008          0.0123          0.8819        222.8333    1000000.0000       1332.1853   0.002894
       -139.1405          1.0006          0.0120          0.8787        222.8750    1000000.0000       1332.2040   0.003014
       -138.5642          1.0007          0.0120          0.8754        222.9167    1000000.0000       1332.2227   0.003137
       -137.9882          1.0002          0.0128          0.8720        222.9583    1000000.0000       1332.2414   0.003262
       -137.4126          0.9998          0.0122          0.8687        223.0000          4.0082       1332.2601   0.003391
       -136.8374          1.0011          0.0121          0.8653        223.0417          2.3263       1332.2788   0.003523
       -136.2625          0.9982          0.0120          0.8618        223.0833          1.7148       1332.2976   0.003658
       -135.6881          1.0000          0.0117          0.8584        223.1250          1.4320       1332.3163   0.003795
       -135.1141          0.9993          0.0119          0.8549        223.1667          1.3028       1332.3351   0.003936
       -134.5405          1.0006          0.0117          0.8513        223.2083          1.2721       1332.3539   0.004079
       -133.9673          0.9999          0.0123          0.8478        223.2500          1.3286       1332.3728   0.004226
       -133.3945          0.9991          0.0119          0.8441        223.2917          1.4943       1332.3916   0.004375
       -132.8222          1.0000          0.0119          0.8405        223.3333          1.8482       1332.4105   0.004528
       -132.2503          1.0022          0.0127          0.8368        223.3750          2.6549       1332.4293   0.004683
       -131.6789          1.0012          0.0111          0.8332        223.4167          5.3093       1332.4482   0.004842
       -131.1080          1.0014          0.0122          0.8294        223.4583    1000000.0000       1332.4671   0.005003
       -130.5375          0.9985          0.0113          0.8257        223.5000    1000000.0000       1332.4861   0.005167
       -129.9675          1.0008          0.0125          0.8219        223.5417    1000000.0000       1332.5050   0.005335
       -129.3980          0.9984          0.0135          0.8181        223.5833    1000000.0000       1332.5240   0.005505
       -128.8290          1.0013          0.0125          0.8142        223.6250    1000000.0000       1332.5430   0.005678
       -128.2605          0.9983          0.0128          0.8104        223.6667    1000000.0000       1332.5620   0.005854
       -127.6925          1.0012          0.0124          0.8065        223.7083    1000000.0000       1332.5810   0.006033
       -127.1250          0.9996          0.0121          0.8026        223.7500    1000000.0000       1332.6000   0.006215
       -126.5580          0.9995          0.0123          0.7986        223.7917    1000000.0000       1332.6190   0.006400
       -125.9915          1.0014          0.0126          0.7946        223.8333    1000000.0000       1332.6381   0.006587
       -125.4256          1.0003          0.0118          0.7906        223.8750    1000000.0000       1332.6572   0.006778
       -124.8602          0.9995          0.0117          0.7866        223.9167    1000000.0000       1332.6763   0.006971
       -124.2953          0.9996          0.0128          0.7826        223.9583    1000000.0000       1332.6954   0.007168
       -123.7310          0.9974          0.0132          0.7785        224.0000    1000000.0000       1332.7146   0.007367
       -123.1673          0.9981          0.0122          0.7744        224.0417          4.7880       1332.7337   0.007569
       -122.6041          1.0000          0.0121          0.7703        224.0833          2.6155       1332.7529   0.007774
       -122.0414          0.9998          0.0116          0.7661        224.1250          1.8957       1332.7721   0.007981
       -121.4793          0.9995          0.0125          0.7620        224.1667          1.5785       1332.7913   0.008191
       -120.9178          0.9997          0.0123          0.7578        224.2083          1.4428       1332.8105   0.008404
       -120.3569          1.0004          0.0127          0.7536        224.2500          1.4240       1332.8297   0.008620
       -119.7965          0.9999          0.0125          0.7494        224.2917          1.5145       1332.8490   0.008839
       -119.2367          1.0003          0.0124          0.7451        224.3333          1.7548       1332.8682   0.009060
       -118.6775          1.0001          0.0130          0.7409        224.3750          2.2887       1332.8875   0.009284
       -118.1189          0.9996          0.0123          0.7366        224.4167          3.6938       1332.9068   0.009510
       -117.5609          1.0006          0.0123          0.7323        224.4583         11.1951       1332.9262   0.009739
       -117.0035          1.0006          0.0123          0.7280        224.5000    1000000.0000       1332.9455   0.009971
       -116.4466          1.0005          0.0129          0.7237        224.5417    1000000.0000       1332.9649   0.010205
       -115.8904          1.0010          0.0110          0.7193        224.5833    1000000.0000       1332.9842   0.010442
       -115.3348          1.0003          0.0123          0.7150        224.6250    1000000.0000       1333.0036   0.010681
       -114.7798          0.9995          0.0129          0.7106        224.6667    1000000.0000       1333.0230   0.010923
       -114.2254          0.9983          0.0128          0.7062        224.7083    1000000.0000       1333.0425   0.011167
       -113.6716          0.9986          0.0124          0.7018        224.7500    1000000.0000       1333.0619   0.011414
       -113.1184          0.9997          0.0127          0.6974        224.7917    1000000.0000       1333.0814   0.011663
       -112.5658          0.9989          0.0130          0.6929        224.8333    1000000.0000       1333.1009   0.011914
       -112.0139          1.0001          0.0122          0.6885        224.8750    1000000.0000       1333.1204   0.012168
       -111.4626          1.0004          0.0123          0.6840        224.9167    1000000.0000       1333.1399   0.012424
       -110.9119          0.9985          0.0121          0.6795        224.9583    1000000.0000       1333.1594   0.012683
       -110.3618          1.0014          0.0120          0.6751        225.0000    1000000.0000       1333.1789   0.012944
       -109.8123          1.0003          0.0128          0.6706        225.0417    1000000.0000       1333.1985   0.013207
       -109.2635          0.9993          0.0119          0.6661        225.0833          5.9286       1333.2181   0.013472
       -108.7153          1.0013          0.0121          0.6615        225.1250          3.0045       1333.2377   0.013739
       -108.1678          1.0021          0.0122          0.6570        225.1667          2.1342       1333.2573   0.014009
       -107.6208          0.9982          0.0122          0.6525        225.2083          1.7702       1333.2769   0.014280
       -107.0745          1.0004          0.0119          0.6479        225.2500          1.6252       1333.2966   0.014554
       -106.5289          0.9996          0.0111          0.6434        225.2917          1.6225       1333.3162   0.014829
       -105.9838          1.0008          0.0125          0.6388        225.3333          1.7607       1333.3359   0.015107
       -105.4394          1.0000          0.0127          0.6343        225.3750          2.1127       1333.3556   0.015387
       -104.8957          0.9993          0.0113          0.6297        225.4167          2.9510       1333.3753   0.015669
       -104.3526          0.9994          0.0124          0.6251        225.4583          5.7098       1333.3951   0.015952
       -103.8101          0.9994          0.0119          0.6205        225.5000    1000000.0000       1333.4148   0.016237
       -103.2682          0.9998          0.0119          0.6159        225.5417    1000000.0000       1333.4346   0.016525
       -102.7270          1.0002          0.0120          0.6113        225.5833    1000000.0000       1333.4544   0.016814
       -102.1864          1.0007          0.0125          0.6067        225.6250    1000000.0000       1333.4742   0.017105
       -101.6465          1.0008          0.0130          0.6021        225.6667    1000000.0000       1333.4940   0.017397
       -101.1072          1.0019          0.0121          0.5975        225.7083    1000000.0000       1333.5138   0.017692
       -100.5685          1.0011          0.0129          0.5929        225.7500    1000000.0000       1333.5337   0.017988
       -100.0305          1.0014          0.0115          0.5883        225.7917    1000000.0000       1333.5536   0.018285
        -99.4931          0.9993          0.0116          0.5837        225.8333    1000000.0000       1333.5735   0.018584
        -98.9564          0.9991          0.0125          0.5791        225.8750    1000000.0000       1333.5934   0.018885
        -98.4203          1.0010          0.0119          0.5744        225.9167    1000000.0000       1333.6133   0.019187
        -97.8848          0.9993          0.0111          0.5698        225.9583    1000000.0000       1333.6332   0.019491
        -97.3499          1.0009          0.0124          0.5652        226.0000    1000000.0000       1333.6532   0.019796
        -96.8157          1.0001          0.0126          0.5606        226.0417    1000000.0000       1333.6731   0.020103
        -96.2822          1.0037          0.0127          0.5559        226.0833    1000000.0000       1333.6931   0.020411
        -95.7492          1.0000          0.0124          0.5513        226.1250          7.6040       1333.7131   0.020721
        -95.2169          0.9999          0.0118          0.5467        226.1667          3.5022       1333.7332   0.021031
        -94.6852          0.9992          0.0129          0.5421        226.2083          2.4257       1333.7532   0.021343
        -94.1542          0.9987          0.0119          0.5375        226.2500          1.9992       1333.7733   0.021656
        -93.6237          1.0017          0.0128          0.5329        226.2917          1.8408       1333.7933   0.021971
        -93.0939          1.0005          0.0122          0.5282        226.3333          1.8570       1333.8134   0.022287
        -92.5648          1.0009          0.0123          0.5236        226.3750          2.0563       1333.8335   0.022603
        -92.0362          0.9992          0.0118          0.5190        226.4167          2.5628       1333.8537   0.022921
        -91.5083          0.9996          0.0137          0.5144        226.4583          3.8906       1333.8738   0.023240
        -90.9810          1.0010          0.0130          0.5098        226.5000          8.9860       1333.8940   0.023560
        -90.4543          1.0002          0.0129          0.5052        226.5417    1000000.0000       1333.9141   0.023881
        -89.9282          1.0014          0.0128          0.5006        226.5833    1000000.0000       1333.9343   0.024203
        -89.4028          1.0014          0.0124          0.4961        226.6250    1000000.0000       1333.9546   0.024526
        -88.8779          1.0012          0.0126          0.4915        226.6667    1000000.0000       1333.9748   0.024849
        -88.3537          0.9993          0.0123          0.4869        226.7083    1000000.0000       1333.9950   0.025174
        -87.8301          0.9994          0.0124          0.4823        226.7500    1000000.0000       1334.0153   0.025499
        -87.3071          0.9991          0.0124          0.4778        226.7917    1000000.0000       1334.0356   0.025825
        -86.7847          1.0009          0.0134          0.4732        226.8333    1000000.0000       1334.0559   0.026152
        -86.2629          1.0012          0.0124          0.4687        226.8750    1000000.0000       1334.0762   0.026480
        -85.7417          1.0000          0.0124          0.4641        226.9167    1000000.0000       1334.0965   0.026808
        -85.2211          1.0005          0.0122          0.4596        226.9583    1000000.0000       1334.1168   0.027136
        -84.7011          1.0002          0.0109          0.4551        227.0000    1000000.0000       1334.1372   0.027466
        -84.1817          1.0014          0.0122          0.4506        227.0417    1000000.0000       1334.1576   0.027796
        -83.6629          0.9996          0.0117          0.4461        227.0833    1000000.0000       1334.1780   0.028126
        -83.1447          0.9993          0.0134          0.4416        227.1250    1000000.0000       1334.1984   0.028457
        -82.6271          0.9995          0.0115          0.4371        227.1667          9.8286       1334.2188   0.028789
        -82.1101          1.0002          0.0124          0.4326        227.2083          4.0594       1334.2393   0.029121
        -81.5936          1.0004          0.0128          0.4281        227.2500          2.7326       1334.2597   0.029453
        -81.0778          1.0024          0.0116          0.4237        227.2917          2.2334       1334.2802   0.029785
        -80.5625          0.9996          0.0119          0.4193        227.3333          2.0582       1334.3007   0.030118
        -80.0478          1.0004          0.0118          0.4148        227.3750          2.0933       1334.3212   0.030451
        -79.5336          0.9997          0.0127          0.4104        227.4167          2.3590       1334.3418   0.030785
        -79.0201          0.9997          0.0125          0.4060        227.4583          3.0474       1334.3623   0.031118
        -78.5071          1.0002          0.0122          0.4016        227.5000          4.8208       1334.3829   0.031452
        -77.9947          0.9993          0.0122          0.3972        227.5417    1000000.0000       1334.4035   0.031786
        -77.4828          1.0012          0.0121          0.3929        227.5833    1000000.0000       1334.4241   0.032120
        -76.9715          0.9982          0.0122          0.3885        227.6250    1000000.0000       1334.4447   0.032454
        -76.4608          0.9994          0.0126          0.3842        227.6667    1000000.0000       1334.4653   0.032788
        -75.9506          1.0002          0.0132          0.3798        227.7083    1000000.0000       1334.4860   0.033123
        -75.4409          0.9991          0.0143          0.3755        227.7500    1000000.0000       1334.5066   0.033457
        -74.9319          0.9999          0.0128          0.3712        227.7917    1000000.0000       1334.5273   0.033791
        -74.4233          1.0006          0.0132          0.3669        227.8333    1000000.0000       1334.5480   0.034125
        -73.9153          1.0000          0.0114          0.3627        227.8750    1000000.0000       1334.5687   0.034458
        -73.4079          1.0001          0.0128          0.3584        227.9167    1000000.0000       1334.5895   0.034792
        -72.9010          1.0008          0.0133          0.3542        227.9583    1000000.0000       1334.6102   0.035125
        -72.3946          1.0004          0.0119          0.3499        228.0000    1000000.0000       1334.6310   0.035459
        -71.8888          1.0010          0.0121          0.3457        228.0417    1000000.0000       1334.6518   0.035791
        -71.3835          1.0004          0.0127          0.3415        228.0833    1000000.0000       1334.6726   0.036124
        -70.8787          0.9988          0.0129          0.3374        228.1250    1000000.0000       1334.6934   0.036456
        -70.3744          1.0006          0.0129          0.3332        228.1667    1000000.0000       1334.7143   0.036788
        -69.8707          0.9980          0.0119          0.3291        228.2083         11.8832       1334.7351   0.037120
        -69.3675          1.0007          0.0128          0.3249        228.2500          4.5096       1334.7560   0.037451
        -68.8648          1.0012          0.0127          0.3208        228.2917          2.9689       1334.7769   0.037782
        -68.3626          0.9996          0.0131          0.3168        228.3333          2.4102       1334.7978   0.038112
        -67.8609          1.0020          0.0119          0.3127        228.3750          2.2213       1334.8187   0.038441
        -67.3597          1.0007          0.0123          0.3086        228.4167          2.2714       1334.8396   0.038770
        -66.8591          0.9991          0.0127          0.3046        228.4583          2.5920       1334.8606   0.039099
        -66.3589          0.9988          0.0129          0.3006        228.5000          3.3527       1334.8816   0.039427
        -65.8592          0.9996          0.0129          0.2966        228.5417          5.8070       1334.9025   0.039754
        -65.3601          1.0004          0.0133          0.2926        228.5833    1000000.0000       1334.9235   0.040080
        -64.8614          1.0007          0.0127          0.2887        228.6250    1000000.0000       1334.9446   0.040406
        -64.3632          1.0003          0.0125          0.2847        228.6667    1000000.0000       1334.9656   0.040731
        -63.8655          1.0000          0.0127          0.2808        228.7083    1000000.0000       1334.9867   0.041055
        -63.3682          0.9978          0.0125          0.2769        228.7500    1000000.0000       1335.0077   0.041379
         62.5332          1.0000          0.0122          0.2704        210.3750    1000000.0000       1327.4279   0.038362
         64.3441          1.0001          0.0128          0.2846        210.5417          4.2423       1327.4801   0.037207
         66.1573          1.0000          0.0124          0.2990        210.7083          1.1980       1327.5325   0.036055
